start processing result/test/txt/sequence_01.txt
loading model from pretrained/sst900_final.pth
0
1
tensor([[0.4636, 0.0680, 0.0438]])
2
tensor([[0.0549, 0.3455, 0.0493],
        [0.3306, 0.0006, 0.0431]])
3
tensor([[0.0751, 0.3273, 0.0366],
        [0.2184, 0.0004, 0.0708]])
4
tensor([[0.0981, 0.3095, 0.0000, 0.0326],
        [0.1215, 0.0000, 0.0272, 0.0727]])
5
tensor([[0.2966, 0.0000, 0.0931, 0.0275],
        [0.0008, 0.0312, 0.1048, 0.0726],
        [0.0000, 0.2176, 0.0000, 0.0846]])
6
tensor([[0.0000, 0.3291, 0.0971, 0.0195],
        [0.0107, 0.0000, 0.1683, 0.0569],
        [0.4654, 0.0000, 0.0000, 0.0595]])
7
tensor([[0.3715, 0.0000, 0.0746, 0.0167],
        [0.0000, 0.0090, 0.1792, 0.0419],
        [0.0000, 0.5046, 0.0000, 0.0579]])
8
tensor([[0.3624, 0.0951, 0.0000, 0.0159],
        [0.0000, 0.2161, 0.0024, 0.0355],
        [0.0000, 0.0000, 0.4954, 0.0653]])
9
tensor([[0.0000, 0.3856, 0.0849, 0.0164],
        [0.0012, 0.0000, 0.2766, 0.0293],
        [0.5266, 0.0000, 0.0000, 0.0618]])
10
tensor([[0.4127, 0.0000, 0.0817, 0.0152],
        [0.0000, 0.0006, 0.2378, 0.0342],
        [0.0000, 0.5411, 0.0000, 0.0616]])
11
tensor([[0.0000, 0.0783, 0.4030, 0.0145],
        [0.0000, 0.2113, 0.0000, 0.0367],
        [0.4446, 0.0000, 0.0000, 0.0776]])
12
tensor([[0.3987, 0.0000, 0.0805, 0.0144],
        [0.0000, 0.0000, 0.1962, 0.0320],
        [0.0000, 0.4038, 0.0000, 0.0853]])
13
tensor([[0.3444, 0.0000, 0.0000, 0.0961, 0.0144],
        [0.0000, 0.0000, 0.0000, 0.1812, 0.0279],
        [0.0000, 0.3266, 0.0219, 0.0000, 0.0525]])
14
tensor([[0.0000e+00, 0.0000e+00, 6.8120e-02, 3.7924e-01, 1.5532e-02],
        [0.0000e+00, 0.0000e+00, 2.4078e-01, 3.4243e-04, 2.4580e-02],
        [5.8712e-03, 3.9416e-01, 0.0000e+00, 0.0000e+00, 4.6169e-02],
        [5.2946e-01, 0.0000e+00, 0.0000e+00, 0.0000e+00, 3.9833e-02]])
15
tensor([[0.0000, 0.0000, 0.0523, 0.3543, 0.0166],
        [0.0000, 0.0000, 0.2003, 0.0000, 0.0234],
        [0.3855, 0.0074, 0.0000, 0.0000, 0.0445],
        [0.0000, 0.4444, 0.0000, 0.0000, 0.0487]])
16
tensor([[0.0000, 0.3775, 0.0000, 0.0526, 0.0171],
        [0.0000, 0.0000, 0.0000, 0.2285, 0.0250],
        [0.0038, 0.0000, 0.4381, 0.0000, 0.0402],
        [0.4932, 0.0000, 0.0000, 0.0000, 0.0504]])
17
tensor([[0.3749, 0.0000, 0.0665, 0.0000, 0.0179],
        [0.0000, 0.0000, 0.2217, 0.0000, 0.0249],
        [0.0000, 0.0024, 0.0000, 0.4689, 0.0365],
        [0.0000, 0.5208, 0.0000, 0.0000, 0.0567]])
18
tensor([[0.0000e+00, 5.1076e-02, 4.2263e-01, 0.0000e+00, 1.8068e-02],
        [0.0000e+00, 2.8668e-01, 5.3311e-04, 0.0000e+00, 2.3517e-02],
        [2.2885e-04, 0.0000e+00, 0.0000e+00, 4.7434e-01, 3.4977e-02],
        [5.4827e-01, 0.0000e+00, 0.0000e+00, 0.0000e+00, 5.4507e-02]])
19
tensor([[0.0426, 0.4217, 0.0000, 0.0000, 0.0185],
        [0.2979, 0.0000, 0.0000, 0.0000, 0.0242],
        [0.0000, 0.0000, 0.5680, 0.0000, 0.0316],
        [0.0000, 0.0000, 0.0000, 0.6383, 0.0504]])
20
tensor([[0.4548, 0.0404, 0.0000, 0.0000, 0.0184],
        [0.0000, 0.2405, 0.0000, 0.0000, 0.0245],
        [0.0000, 0.0000, 0.0000, 0.5582, 0.0303],
        [0.0000, 0.0000, 0.5869, 0.0000, 0.0483]])
21
tensor([[0.0000, 0.0000, 0.4752, 0.0307, 0.0188],
        [0.0000, 0.0000, 0.0000, 0.3676, 0.0238],
        [0.6111, 0.0000, 0.0000, 0.0000, 0.0276],
        [0.0000, 0.6737, 0.0000, 0.0000, 0.0436]])
22
tensor([[0.0000, 0.4907, 0.0251, 0.0000, 0.0189],
        [0.0000, 0.0000, 0.4018, 0.0000, 0.0241],
        [0.0000, 0.0000, 0.0000, 0.6400, 0.0276],
        [0.6642, 0.0000, 0.0000, 0.0000, 0.0416]])
23
tensor([[0.0000, 0.0000, 0.5060, 0.0236, 0.0188],
        [0.0000, 0.0000, 0.0000, 0.3377, 0.0240],
        [0.0000, 0.6349, 0.0000, 0.0000, 0.0288],
        [0.6805, 0.0000, 0.0000, 0.0000, 0.0395]])
24
tensor([[0.5263, 0.0000, 0.0168, 0.0000, 0.0193],
        [0.0000, 0.0000, 0.4175, 0.0000, 0.0228],
        [0.0000, 0.0000, 0.0000, 0.6500, 0.0292],
        [0.0000, 0.7082, 0.0000, 0.0000, 0.0380]])
25
tensor([[0.0000, 0.5378, 0.0000, 0.0162, 0.0208],
        [0.0000, 0.0000, 0.0000, 0.4726, 0.0227],
        [0.6753, 0.0000, 0.0000, 0.0000, 0.0277],
        [0.0000, 0.0000, 0.7182, 0.0000, 0.0394]])
26
tensor([[0.5389, 0.0154, 0.0000, 0.0000, 0.0211],
        [0.0000, 0.4174, 0.0000, 0.0000, 0.0233],
        [0.0000, 0.0000, 0.0000, 0.6953, 0.0279],
        [0.0000, 0.0000, 0.6844, 0.0000, 0.0427]])
27
tensor([[5.8617e-01, 0.0000e+00, 1.1437e-02, 0.0000e+00, 2.2286e-02],
        [5.0802e-04, 0.0000e+00, 5.1998e-01, 0.0000e+00, 2.3566e-02],
        [0.0000e+00, 0.0000e+00, 0.0000e+00, 7.3727e-01, 2.6674e-02],
        [0.0000e+00, 7.2657e-01, 0.0000e+00, 0.0000e+00, 4.1832e-02]])
28
tensor([[9.9003e-03, 0.0000e+00, 0.0000e+00, 6.5242e-01, 2.3379e-02],
        [5.2325e-01, 0.0000e+00, 0.0000e+00, 2.0834e-04, 2.3218e-02],
        [0.0000e+00, 7.6012e-01, 0.0000e+00, 0.0000e+00, 2.5725e-02],
        [0.0000e+00, 0.0000e+00, 7.8524e-01, 0.0000e+00, 4.2559e-02]])
29
tensor([[0.0000e+00, 5.1264e-03, 7.1762e-01, 0.0000e+00, 2.3530e-02],
        [0.0000e+00, 6.5295e-01, 8.0366e-04, 0.0000e+00, 2.2895e-02],
        [8.3488e-01, 0.0000e+00, 0.0000e+00, 0.0000e+00, 2.4860e-02],
        [0.0000e+00, 0.0000e+00, 0.0000e+00, 7.9094e-01, 4.1440e-02]])
30
tensor([[0.0000e+00, 2.9047e-03, 0.0000e+00, 7.2932e-01, 2.4303e-02],
        [0.0000e+00, 7.2197e-01, 0.0000e+00, 2.3832e-04, 2.2127e-02],
        [8.3547e-01, 0.0000e+00, 0.0000e+00, 0.0000e+00, 2.3681e-02],
        [0.0000e+00, 0.0000e+00, 7.0238e-01, 0.0000e+00, 5.4421e-02]])
31
tensor([[0.0000e+00, 7.6708e-01, 0.0000e+00, 1.2463e-03, 2.4489e-02],
        [0.0000e+00, 3.5392e-04, 0.0000e+00, 6.9676e-01, 2.1849e-02],
        [8.4736e-01, 0.0000e+00, 0.0000e+00, 0.0000e+00, 2.3456e-02],
        [0.0000e+00, 0.0000e+00, 6.3489e-01, 0.0000e+00, 7.9656e-02]])
32
tensor([[0.0014, 0.6832, 0.0000, 0.0000, 0.0243],
        [0.6541, 0.0000, 0.0000, 0.0000, 0.0219],
        [0.0000, 0.0000, 0.0000, 0.8085, 0.0234],
        [0.0000, 0.0000, 0.7180, 0.0000, 0.0649]])
33
tensor([[0.0000e+00, 6.3411e-04, 0.0000e+00, 7.7280e-01, 2.4337e-02],
        [0.0000e+00, 7.3483e-01, 0.0000e+00, 4.4370e-04, 2.2085e-02],
        [0.0000e+00, 0.0000e+00, 8.4418e-01, 0.0000e+00, 2.3481e-02],
        [7.6762e-01, 0.0000e+00, 0.0000e+00, 0.0000e+00, 4.4014e-02]])
34
tensor([[0.7488, 0.0018, 0.0000, 0.0000, 0.0245],
        [0.0000, 0.6779, 0.0000, 0.0000, 0.0223],
        [0.0000, 0.0000, 0.0000, 0.8208, 0.0238],
        [0.0000, 0.0000, 0.7577, 0.0000, 0.0472]])
35
tensor([[0.0000e+00, 7.1567e-01, 1.7526e-03, 0.0000e+00, 2.5159e-02],
        [0.0000e+00, 4.3405e-04, 6.7249e-01, 0.0000e+00, 2.2303e-02],
        [0.0000e+00, 0.0000e+00, 0.0000e+00, 8.2736e-01, 2.3985e-02],
        [7.3670e-01, 0.0000e+00, 0.0000e+00, 0.0000e+00, 5.1914e-02]])
36
tensor([[0.7175, 0.0000, 0.0000, 0.0023, 0.0265],
        [0.0009, 0.0000, 0.0000, 0.7274, 0.0224],
        [0.0000, 0.8308, 0.0000, 0.0000, 0.0243],
        [0.0000, 0.0000, 0.7127, 0.0000, 0.0512]])
37
tensor([[0.0000, 0.7387, 0.0000, 0.0022, 0.0252],
        [0.0000, 0.0011, 0.0000, 0.7294, 0.0225],
        [0.8614, 0.0000, 0.0000, 0.0000, 0.0245],
        [0.0000, 0.0000, 0.6856, 0.0000, 0.0537]])
38
tensor([[0.0000e+00, 2.5762e-03, 0.0000e+00, 7.2999e-01, 2.4660e-02],
        [0.0000e+00, 6.9967e-01, 0.0000e+00, 1.4162e-04, 2.2559e-02],
        [0.0000e+00, 0.0000e+00, 8.4573e-01, 0.0000e+00, 2.4236e-02],
        [7.3307e-01, 0.0000e+00, 0.0000e+00, 0.0000e+00, 4.5711e-02]])
39
tensor([[7.3917e-01, 0.0000e+00, 0.0000e+00, 1.7148e-03, 2.5106e-02],
        [5.9825e-04, 0.0000e+00, 0.0000e+00, 7.0926e-01, 2.1808e-02],
        [0.0000e+00, 8.4646e-01, 0.0000e+00, 0.0000e+00, 2.4649e-02],
        [0.0000e+00, 0.0000e+00, 7.2979e-01, 0.0000e+00, 4.1523e-02]])
finished processing result/test/txt/sequence_01.txt
start processing result/test/txt/sequence_02.txt
loading model from pretrained/sst900_final.pth
0
1
tensor([[0.0000, 0.7241, 0.0356],
        [0.7029, 0.0000, 0.0290]])
2
tensor([[0.0000, 0.7212, 0.0355],
        [0.6403, 0.0000, 0.0256]])
3
tensor([[0.7629, 0.0000, 0.0358],
        [0.0000, 0.7082, 0.0248]])
4
tensor([[0.7377, 0.0000, 0.0365],
        [0.0000, 0.6690, 0.0249]])
5
tensor([[0.6934, 0.0000, 0.0359],
        [0.0000, 0.8368, 0.0231]])
6
tensor([[0.7327, 0.0000, 0.0361],
        [0.0000, 0.6964, 0.0240]])
7
tensor([[0.7212, 0.0000, 0.0361],
        [0.0000, 0.7090, 0.0250]])
8
tensor([[0.7745, 0.0000, 0.0362],
        [0.0000, 0.8102, 0.0238]])
9
tensor([[0.0000, 0.7286, 0.0363],
        [0.8151, 0.0000, 0.0239]])
10
tensor([[0.7550, 0.0000, 0.0361],
        [0.0000, 0.7465, 0.0243]])
11
tensor([[0.0000, 0.7578, 0.0364],
        [0.8186, 0.0000, 0.0232]])
12
tensor([[0.0000, 0.7820, 0.0366],
        [0.7904, 0.0000, 0.0231]])
13
tensor([[0.7670, 0.0000, 0.0363],
        [0.0000, 0.7952, 0.0238]])
14
tensor([[0.7603, 0.0000, 0.0364],
        [0.0000, 0.8240, 0.0235]])
15
tensor([[0.7956, 0.0000, 0.0370],
        [0.0000, 0.7729, 0.0244]])
16
tensor([[0.0000, 0.6870, 0.0361],
        [0.8086, 0.0000, 0.0238]])
17
tensor([[0.7759, 0.0000, 0.0369],
        [0.0000, 0.8186, 0.0239]])
18
tensor([[0.6464, 0.0000, 0.0361],
        [0.0000, 0.7712, 0.0243]])
19
tensor([[0.0000, 0.7755, 0.0361],
        [0.8029, 0.0000, 0.0240]])
20
tensor([[0.0000, 0.7713, 0.0370],
        [0.8242, 0.0000, 0.0242]])
21
tensor([[0.7516, 0.0000, 0.0364],
        [0.0000, 0.8071, 0.0243]])
22
tensor([[0.0000, 0.7571, 0.0362],
        [0.8416, 0.0000, 0.0263]])
23
tensor([[0.8178, 0.0000, 0.0365],
        [0.0000, 0.8073, 0.0268]])
24
tensor([[0.0000, 0.8066, 0.0365],
        [0.8284, 0.0000, 0.0242]])
25
tensor([[0.0000, 0.7429, 0.0371],
        [0.7949, 0.0000, 0.0248]])
26
tensor([[0.0000, 0.7181, 0.0360],
        [0.8563, 0.0000, 0.0261]])
27
tensor([[0.7982, 0.0000, 0.0359],
        [0.0000, 0.8895, 0.0243]])
28
tensor([[0.0025, 0.2503],
        [0.0133, 0.1876]])
29
tensor([[0.0025, 0.2503],
        [0.0134, 0.1868],
        [0.9007, 0.0273]])
30
tensor([[0.0024, 0.2505],
        [0.0136, 0.1861],
        [0.9015, 0.0273]])
31
tensor([[0.0025, 0.2505],
        [0.0135, 0.1865],
        [0.8984, 0.0280]])
32
tensor([[0.9008, 0.0277]])
33
tensor([[0.8984, 0.0272]])
34
tensor([[0.9015, 0.0273]])
35
tensor([[0.8813, 0.0271]])
36
tensor([[0.8836, 0.0272]])
37
tensor([[0.8987, 0.0272]])
38
tensor([[0.8980, 0.0271]])
39
tensor([[0.8951, 0.0273]])
40
tensor([[0.8994, 0.0274]])
41
tensor([[0.8938, 0.0274]])
42
tensor([[0.9014, 0.0276]])
43
tensor([[0.8871, 0.0275]])
44
tensor([[0.8881, 0.0276]])
45
tensor([[0.8863, 0.0277]])
46
tensor([[0.8922, 0.0279]])
47
tensor([[0.2927, 0.1612]])
48
tensor([[0.5389, 0.1267]])
49
tensor([[0.6583, 0.0920]])
50
tensor([[0.7769, 0.0585]])
51
tensor([[0.8929, 0.0247]])
52
tensor([[0.8984, 0.0248]])
53
tensor([[0.9011, 0.0248]])
54
tensor([[0.8990, 0.0246]])
55
tensor([[0.9037, 0.0246]])
56
tensor([[0.8966, 0.0247]])
57
tensor([[0.8820, 0.0257]])
58
tensor([[0.8726, 0.0246]])
59
tensor([[0.8779, 0.0255]])
60
tensor([[0.9055, 0.0251]])
61
tensor([[0.3739, 0.1391]])
62
tensor([[0.6024, 0.1095]])
63
tensor([[0.7062, 0.0801]])
64
tensor([[0.8180, 0.0509]])
65
tensor([[0.9226, 0.0216]])
66
tensor([[0.9177, 0.0230]])
67
tensor([[0.8828, 0.0328]])
68
tensor([[0.8827, 0.0328]])
69
tensor([[0.8936, 0.0298]])
70
tensor([[0.8961, 0.0291]])
71
tensor([[0.8899, 0.0308]])
72
tensor([[0.0304, 0.0028, 0.1024]])
73
tensor([[0.0306, 0.0030, 0.1123],
        [0.8308, 0.0000, 0.0211],
        [0.0000, 0.7830, 0.0362]])
74
tensor([[0.0030, 0.0324, 0.1157],
        [0.0000, 0.7798, 0.0240],
        [0.7999, 0.0000, 0.0366]])
75
tensor([[0.0031, 0.0286, 0.1383],
        [0.0000, 0.7391, 0.0336],
        [0.8073, 0.0000, 0.0362]])
76
tensor([[0.0000, 0.7116, 0.0465],
        [0.7590, 0.0000, 0.0366]])
77
tensor([[0.6647, 0.0000, 0.0504],
        [0.0000, 0.7529, 0.0355]])
78
tensor([[0.6659, 0.0000, 0.0436],
        [0.0000, 0.7775, 0.0356]])
79
tensor([[0.6611, 0.0000, 0.0393],
        [0.0026, 0.7282, 0.0352]])
80
tensor([[0.6703, 0.0000, 0.0388],
        [0.0044, 0.6130, 0.0359]])
81
tensor([[0.6415, 0.0055, 0.0465],
        [0.0061, 0.6418, 0.0354]])
82
tensor([[0.6086, 0.0637],
        [0.0443, 0.1693]])
83
tensor([[0.5341, 0.0801],
        [0.0547, 0.1511]])
84
tensor([[0.6397, 0.0621],
        [0.0485, 0.1510]])
85
tensor([[0.0313, 0.2178],
        [0.0023, 0.2448]])
86
tensor([[0.0285, 0.2237],
        [0.9016, 0.0267]])
87
tensor([[0.0248, 0.2310],
        [0.8789, 0.0333]])
88
tensor([[0.0241, 0.2323],
        [0.8711, 0.0360]])
89
tensor([[0.8760, 0.0345]])
90
tensor([[0.8986, 0.0284]])
91
tensor([[0.9001, 0.0275]])
92
tensor([[0.9015, 0.0272]])
93
tensor([[0.8860, 0.0319]])
94
tensor([[0.8162, 0.0514]])
95
tensor([[0.7683, 0.0646]])
96
tensor([[0.8235, 0.0492]])
97
tensor([[0.8841, 0.0324]])
98
tensor([[0.9110, 0.0249]])
99
tensor([[0.0214, 0.0050, 0.0086, 0.1865]])
100
tensor([[0.0044, 0.0078, 0.0272, 0.1919],
        [0.0000, 0.0000, 0.6837, 0.0399],
        [0.6336, 0.0000, 0.0000, 0.0253],
        [0.0096, 0.5311, 0.0000, 0.0402]])
101
tensor([[0.0415, 0.0036, 0.0052, 0.2054],
        [0.4761, 0.0000, 0.0000, 0.0836],
        [0.0000, 0.4447, 0.0000, 0.0516],
        [0.0000, 0.0000, 0.2785, 0.0542]])
102
tensor([[0.0527, 0.0034, 0.0028, 0.2021],
        [0.5641, 0.0000, 0.0000, 0.0848],
        [0.0000, 0.5299, 0.0000, 0.0559],
        [0.0000, 0.0000, 0.2281, 0.0489]])
103
tensor([[0.5509, 0.0000, 0.0898],
        [0.0000, 0.5823, 0.0596],
        [0.0000, 0.0000, 0.0954]])
104
tensor([[0.4957, 0.0000, 0.0861],
        [0.0000, 0.7333, 0.0455],
        [0.0000, 0.0000, 0.1010]])
105
tensor([[5.6418e-01, 0.0000e+00, 8.4276e-02],
        [4.7779e-06, 7.1664e-01, 3.8779e-02],
        [0.0000e+00, 0.0000e+00, 1.1898e-01]])
106
tensor([[0.0000e+00, 5.6631e-01, 1.0072e-01],
        [5.2806e-01, 5.4738e-04, 3.8700e-02],
        [0.0000e+00, 0.0000e+00, 1.3223e-01]])
107
tensor([[0.6302, 0.0881],
        [0.0021, 0.2452]])
108
tensor([[0.6590, 0.0867],
        [0.0021, 0.2449]])
109
tensor([[0.5569, 0.1119],
        [0.0026, 0.2400]])
110
tensor([[0.4694, 0.1311],
        [0.0036, 0.2289]])
111
tensor([[0.5082, 0.1161]])
112
tensor([[0.4001, 0.1314]])
113
tensor([[0.3636, 0.1431]])
114
tensor([[0.4598, 0.1212]])
115
tensor([[0.5213, 0.1023]])
116
tensor([[0.6241, 0.0773]])
117
tensor([[0.6527, 0.0591]])
finished processing result/test/txt/sequence_02.txt
start processing result/test/txt/sequence_03.txt
loading model from pretrained/sst900_final.pth
0
1
tensor([[0.8862, 0.0252]])
2
tensor([[0.8994, 0.0252]])
3
tensor([[0.8659, 0.0251]])
4
tensor([[0.8910, 0.0264]])
5
tensor([[0.8758, 0.0270]])
6
tensor([[0.8776, 0.0266]])
7
tensor([[0.8933, 0.0260]])
8
tensor([[0.8929, 0.0250]])
9
tensor([[0.8993, 0.0249]])
10
tensor([[0.8854, 0.0250]])
11
tensor([[0.8997, 0.0250]])
12
tensor([[0.8908, 0.0252]])
13
tensor([[0.8831, 0.0255]])
14
tensor([[0.8749, 0.0261]])
15
tensor([[0.8739, 0.0259]])
16
tensor([[0.8774, 0.0262]])
17
tensor([[0.8717, 0.0265]])
18
tensor([[0.8617, 0.0276]])
19
tensor([[0.8815, 0.0272]])
20
tensor([[0.8549, 0.0270]])
21
tensor([[0.8291, 0.0273]])
22
tensor([[0.0202, 0.0207, 0.0398, 0.0837]])
23
tensor([[2.2665e-02, 3.8416e-02, 2.3404e-02, 8.4894e-02],
        [1.8437e-04, 2.4397e-03, 6.7222e-01, 2.2388e-02],
        [8.3552e-01, 0.0000e+00, 1.0043e-04, 2.7974e-02],
        [0.0000e+00, 7.6508e-01, 2.5581e-03, 2.1132e-02]])
24
tensor([[1.9311e-02, 2.5148e-02, 4.1003e-02, 8.1449e-02],
        [9.1368e-05, 6.8902e-01, 3.2139e-03, 2.2018e-02],
        [7.9274e-01, 2.8372e-04, 0.0000e+00, 3.9399e-02],
        [0.0000e+00, 2.7547e-03, 7.3770e-01, 2.0659e-02]])
25
tensor([[1.8793e-02, 2.0109e-02, 4.8828e-02, 7.6505e-02],
        [4.8733e-05, 4.0029e-01, 5.3738e-03, 2.1839e-02],
        [6.0134e-01, 2.7776e-04, 0.0000e+00, 9.3645e-02],
        [0.0000e+00, 3.9118e-04, 6.0251e-01, 2.0808e-02]])
26
tensor([[3.6744e-03, 5.5358e-01, 0.0000e+00, 2.2336e-02],
        [0.0000e+00, 1.3669e-04, 7.5203e-01, 5.6232e-02],
        [6.2208e-01, 7.4342e-04, 0.0000e+00, 2.1900e-02]])
27
tensor([[5.8321e-05, 5.6330e-01, 3.2346e-03, 2.1938e-02],
        [7.6807e-01, 1.3919e-04, 0.0000e+00, 5.5579e-02],
        [0.0000e+00, 1.7173e-03, 7.2107e-01, 2.3301e-02]])
28
tensor([[5.3186e-01, 1.2444e-04, 2.5820e-03, 2.3548e-02],
        [1.8550e-04, 7.6714e-01, 0.0000e+00, 5.5032e-02],
        [7.3804e-04, 0.0000e+00, 6.5389e-01, 2.1755e-02]])
29
tensor([[1.0631e-04, 6.2658e-01, 3.0087e-03, 2.2562e-02],
        [7.6893e-01, 1.3993e-04, 0.0000e+00, 5.5399e-02],
        [0.0000e+00, 5.6310e-04, 6.8509e-01, 2.2658e-02]])
30
tensor([[6.0647e-01, 8.9323e-05, 5.3381e-03, 2.1632e-02],
        [1.2191e-04, 8.2274e-01, 0.0000e+00, 4.1895e-02],
        [1.1096e-04, 0.0000e+00, 6.7555e-01, 2.3060e-02]])
31
tensor([[1.1047e-04, 6.0921e-01, 3.3955e-03, 2.1712e-02],
        [8.4399e-01, 1.5893e-04, 0.0000e+00, 3.7785e-02],
        [0.0000e+00, 3.8817e-03, 7.1262e-01, 2.1202e-02]])
32
tensor([[2.8376e-04, 6.1881e-01, 1.1035e-02, 2.1508e-02],
        [8.2000e-01, 8.0178e-05, 0.0000e+00, 3.6653e-02],
        [0.0000e+00, 3.0375e-03, 6.8356e-01, 2.1999e-02]])
33
tensor([[5.1042e-01, 8.1672e-03, 1.9626e-04, 2.1193e-02],
        [2.1046e-04, 0.0000e+00, 8.5404e-01, 3.5782e-02],
        [4.9033e-04, 7.0594e-01, 0.0000e+00, 2.0582e-02]])
34
tensor([[4.9713e-03, 2.0611e-04, 5.8210e-01, 2.0007e-02],
        [0.0000e+00, 8.3404e-01, 1.5240e-04, 3.8528e-02],
        [6.9094e-01, 0.0000e+00, 0.0000e+00, 2.1339e-02]])
35
tensor([[9.0014e-03, 1.9388e-04, 6.4297e-01, 1.8296e-02],
        [0.0000e+00, 8.1240e-01, 1.4581e-04, 4.3282e-02],
        [6.4830e-01, 0.0000e+00, 0.0000e+00, 2.1332e-02]])
36
tensor([[2.2105e-04, 9.2582e-03, 6.8530e-01, 1.7690e-02],
        [8.1317e-01, 0.0000e+00, 1.5604e-04, 4.1058e-02],
        [0.0000e+00, 7.0850e-01, 3.7045e-03, 2.1048e-02]])
37
tensor([[2.3414e-02, 4.6017e-04, 7.6983e-02],
        [0.0000e+00, 8.3068e-01, 4.0580e-02],
        [7.6821e-01, 0.0000e+00, 2.2511e-02]])
38
tensor([[4.6765e-04, 3.6434e-02, 6.4836e-02],
        [8.2856e-01, 0.0000e+00, 4.0631e-02],
        [0.0000e+00, 7.7959e-01, 2.2795e-02]])
39
tensor([[4.5591e-02, 5.3854e-04, 5.4147e-02],
        [2.6455e-05, 8.1151e-01, 4.2901e-02],
        [8.0502e-01, 6.0917e-05, 2.2783e-02]])
40
tensor([[0.0000, 0.0000, 0.0000, 0.0396],
        [0.2633, 0.0009, 0.0371, 0.0368],
        [0.0000, 0.0489, 0.0000, 0.0675]])
41
tensor([[7.3529e-01, 0.0000e+00, 3.1938e-02, 3.4444e-02],
        [0.0000e+00, 5.8304e-02, 0.0000e+00, 6.7845e-02],
        [0.0000e+00, 7.9852e-01, 1.7840e-03, 2.3524e-02],
        [1.1304e-02, 6.0589e-04, 6.9642e-01, 2.3213e-02]])
42
tensor([[2.6385e-02, 0.0000e+00, 7.4359e-01, 3.2290e-02],
        [0.0000e+00, 7.0929e-02, 0.0000e+00, 6.0583e-02],
        [2.3438e-03, 7.5579e-01, 0.0000e+00, 2.2704e-02],
        [7.0350e-01, 6.0448e-04, 1.0271e-02, 2.3266e-02]])
43
tensor([[0.0183, 0.0000, 0.7392, 0.0311],
        [0.0000, 0.0697, 0.0000, 0.0560],
        [0.0022, 0.7896, 0.0000, 0.0230],
        [0.7061, 0.0011, 0.0100, 0.0232]])
44
tensor([[0.0092, 0.0000, 0.7613, 0.0301],
        [0.0025, 0.7447, 0.0000, 0.0233],
        [0.6885, 0.0027, 0.0098, 0.0229]])
45
tensor([[0.0000, 0.7553, 0.0110, 0.0303],
        [0.7650, 0.0000, 0.0035, 0.0233],
        [0.0034, 0.0100, 0.6779, 0.0228]])
46
tensor([[0.0000, 0.7415, 0.0106, 0.0314],
        [0.7217, 0.0000, 0.0036, 0.0225],
        [0.0041, 0.0110, 0.7230, 0.0223]])
47
tensor([[0.0000, 0.7587, 0.0093, 0.0317],
        [0.7421, 0.0000, 0.0039, 0.0219],
        [0.0040, 0.0108, 0.7490, 0.0223]])
48
tensor([[0.7417, 0.0000, 0.0103, 0.0321],
        [0.0000, 0.6945, 0.0032, 0.0217],
        [0.0086, 0.0041, 0.7288, 0.0227]])
49
tensor([[0.0000, 0.7608, 0.0085, 0.0325],
        [0.6281, 0.0000, 0.0031, 0.0228],
        [0.0011, 0.0085, 0.7218, 0.0235]])
50
tensor([[0.0000e+00, 7.9258e-03, 7.4961e-01, 3.2891e-02],
        [5.8729e-01, 6.3863e-04, 0.0000e+00, 2.3305e-02],
        [3.9823e-03, 7.4564e-01, 6.8853e-03, 2.3293e-02]])
51
tensor([[0.7597, 0.0000, 0.0087, 0.0324],
        [0.0000, 0.5895, 0.0014, 0.0242],
        [0.0060, 0.0024, 0.7047, 0.0244]])
52
tensor([[7.6059e-01, 0.0000e+00, 1.1618e-02, 3.1369e-02],
        [0.0000e+00, 6.5411e-01, 3.4151e-04, 2.4837e-02],
        [6.7009e-03, 2.7403e-03, 6.8235e-01, 2.6301e-02]])
53
tensor([[0.0000e+00, 7.4595e-01, 1.1220e-02, 3.1040e-02],
        [6.7013e-01, 0.0000e+00, 4.6260e-04, 2.3534e-02],
        [1.3506e-03, 8.9717e-03, 7.1021e-01, 2.6949e-02]])
54
tensor([[0.0000e+00, 1.1009e-02, 7.5623e-01, 3.0349e-02],
        [6.4835e-01, 1.2120e-04, 0.0000e+00, 2.2529e-02],
        [1.7097e-03, 7.3675e-01, 9.7541e-03, 2.7009e-02]])
55
tensor([[0.0000e+00, 7.7028e-01, 0.0000e+00, 1.3721e-02, 2.9641e-02],
        [7.7346e-01, 0.0000e+00, 0.0000e+00, 3.1591e-04, 1.9559e-02],
        [1.2952e-03, 1.1016e-02, 0.0000e+00, 6.7990e-01, 2.8070e-02]])
56
tensor([[0.0000e+00, 7.6953e-01, 0.0000e+00, 1.4592e-02, 2.9399e-02],
        [6.5768e-01, 0.0000e+00, 0.0000e+00, 2.7283e-04, 1.9385e-02],
        [1.3915e-03, 1.5112e-02, 0.0000e+00, 7.1355e-01, 2.7888e-02],
        [0.0000e+00, 0.0000e+00, 4.9926e-01, 0.0000e+00, 3.9079e-02]])
57
tensor([[0.0000e+00, 1.4244e-02, 7.5779e-01, 0.0000e+00, 2.9397e-02],
        [0.0000e+00, 6.6021e-04, 0.0000e+00, 8.0137e-01, 1.9365e-02],
        [0.0000e+00, 7.2593e-01, 1.6933e-02, 1.2062e-03, 2.7030e-02],
        [6.3643e-01, 0.0000e+00, 0.0000e+00, 0.0000e+00, 3.5098e-02]])
58
tensor([[0.0000e+00, 1.4210e-02, 7.6611e-01, 0.0000e+00, 2.9346e-02],
        [8.5175e-01, 5.6369e-04, 0.0000e+00, 0.0000e+00, 1.8837e-02],
        [9.6660e-04, 7.2649e-01, 1.8331e-02, 0.0000e+00, 2.6673e-02],
        [0.0000e+00, 0.0000e+00, 0.0000e+00, 6.6717e-01, 3.5201e-02]])
59
tensor([[7.4318e-01, 0.0000e+00, 0.0000e+00, 1.5022e-02, 2.9457e-02],
        [0.0000e+00, 0.0000e+00, 7.6115e-01, 4.8272e-04, 1.8827e-02],
        [1.8486e-02, 0.0000e+00, 8.4633e-04, 7.1269e-01, 2.6372e-02],
        [0.0000e+00, 7.3525e-01, 0.0000e+00, 0.0000e+00, 3.8262e-02]])
60
tensor([[0.0000e+00, 0.0000e+00, 7.5134e-01, 1.6398e-02, 2.9238e-02],
        [7.1880e-01, 0.0000e+00, 0.0000e+00, 5.8009e-04, 1.9096e-02],
        [1.2671e-03, 0.0000e+00, 2.0802e-02, 6.9596e-01, 2.6816e-02],
        [0.0000e+00, 7.8894e-01, 0.0000e+00, 0.0000e+00, 3.2618e-02]])
61
tensor([[0.0000, 0.7367, 0.0000, 0.0186, 0.0293],
        [0.7904, 0.0000, 0.0000, 0.0009, 0.0187],
        [0.0010, 0.0208, 0.0000, 0.7049, 0.0269],
        [0.0000, 0.0000, 0.8234, 0.0000, 0.0312]])
62
tensor([[0.0000, 0.0150, 0.0000, 0.7473, 0.0297],
        [0.0000, 0.0010, 0.7845, 0.0000, 0.0185],
        [0.0000, 0.7130, 0.0009, 0.0233, 0.0262],
        [0.8054, 0.0000, 0.0000, 0.0000, 0.0304]])
63
tensor([[0.0000e+00, 7.4098e-01, 0.0000e+00, 1.5820e-02, 2.9505e-02],
        [8.2362e-01, 0.0000e+00, 0.0000e+00, 8.2467e-04, 1.8419e-02],
        [8.7630e-04, 2.1926e-02, 0.0000e+00, 7.0697e-01, 2.6472e-02],
        [0.0000e+00, 0.0000e+00, 8.3687e-01, 0.0000e+00, 2.8827e-02]])
64
tensor([[0.0000e+00, 7.4187e-01, 0.0000e+00, 1.6543e-02, 2.9335e-02],
        [7.3364e-01, 0.0000e+00, 0.0000e+00, 7.1675e-04, 1.8743e-02],
        [3.9406e-04, 2.3669e-02, 0.0000e+00, 7.1998e-01, 2.6530e-02],
        [0.0000e+00, 0.0000e+00, 8.0507e-01, 0.0000e+00, 2.9066e-02]])
65
tensor([[0.0000e+00, 0.0000e+00, 7.3140e-01, 1.8578e-02, 2.9276e-02],
        [0.0000e+00, 7.9378e-01, 0.0000e+00, 3.4883e-04, 1.8870e-02],
        [0.0000e+00, 6.1988e-04, 2.4533e-02, 6.9672e-01, 2.6684e-02],
        [8.3669e-01, 0.0000e+00, 0.0000e+00, 0.0000e+00, 2.8465e-02]])
66
tensor([[0.2688, 0.0000, 0.0304, 0.0523],
        [0.0000, 0.0000, 0.0031, 0.0712],
        [0.0000, 0.0000, 0.0715, 0.0615],
        [0.0000, 0.0345, 0.0000, 0.1200]])
67
tensor([[6.2598e-01, 7.5374e-03, 0.0000e+00, 4.8197e-02],
        [0.0000e+00, 3.0990e-03, 0.0000e+00, 7.2976e-02],
        [1.6231e-02, 3.6853e-01, 8.0279e-04, 5.2431e-02],
        [0.0000e+00, 0.0000e+00, 4.1924e-02, 1.1739e-01],
        [0.0000e+00, 3.7504e-04, 8.3918e-01, 1.9221e-02]])
68
tensor([[6.7045e-01, 5.5920e-03, 0.0000e+00, 4.3495e-02],
        [0.0000e+00, 3.1573e-03, 0.0000e+00, 7.4541e-02],
        [1.2983e-02, 5.1405e-01, 6.1304e-04, 4.3891e-02],
        [0.0000e+00, 0.0000e+00, 5.3464e-02, 1.1063e-01],
        [0.0000e+00, 3.1507e-04, 8.0752e-01, 2.0118e-02]])
69
tensor([[4.5840e-03, 0.0000e+00, 7.1323e-01, 3.9427e-02],
        [3.1246e-03, 0.0000e+00, 0.0000e+00, 7.4068e-02],
        [6.5378e-01, 4.9032e-04, 7.5644e-03, 3.5459e-02],
        [0.0000e+00, 6.0656e-02, 0.0000e+00, 1.0726e-01],
        [3.6606e-04, 8.3662e-01, 0.0000e+00, 2.0641e-02]])
70
tensor([[4.1958e-03, 6.9288e-01, 0.0000e+00, 3.6873e-02],
        [7.9075e-01, 4.1935e-03, 4.3074e-04, 2.6307e-02],
        [4.1700e-04, 0.0000e+00, 8.5202e-01, 2.0395e-02]])
71
tensor([[7.1676e-01, 3.6146e-03, 0.0000e+00, 3.5195e-02],
        [5.6719e-03, 7.8000e-01, 4.8225e-04, 2.6166e-02],
        [0.0000e+00, 2.5111e-04, 9.0039e-01, 2.0448e-02]])
72
tensor([[0.0000e+00, 5.1357e-03, 6.8749e-01, 3.5037e-02],
        [3.3414e-04, 7.7842e-01, 6.7655e-03, 2.7107e-02],
        [9.0217e-01, 3.8032e-04, 0.0000e+00, 2.0048e-02]])
73
tensor([[6.8710e-03, 0.0000e+00, 6.6852e-01, 3.5237e-02],
        [7.7120e-01, 4.3889e-04, 6.4671e-03, 2.5583e-02],
        [2.1968e-04, 8.9794e-01, 0.0000e+00, 2.0070e-02]])
74
tensor([[0.0000e+00, 6.1282e-03, 6.2502e-01, 3.7204e-02],
        [3.3112e-04, 7.6538e-01, 6.0996e-03, 2.5856e-02],
        [8.4402e-01, 3.3833e-04, 0.0000e+00, 2.0273e-02]])
75
tensor([[0.0000e+00, 7.2217e-01, 4.4655e-03, 3.6486e-02],
        [4.4740e-04, 6.4503e-03, 7.6680e-01, 2.5769e-02],
        [8.5026e-01, 0.0000e+00, 3.6159e-04, 2.1070e-02]])
76
tensor([[0.0000e+00, 6.8762e-01, 5.6183e-03, 3.5774e-02],
        [4.2785e-04, 6.4078e-03, 7.6614e-01, 2.5000e-02],
        [8.5283e-01, 0.0000e+00, 2.8623e-04, 2.0305e-02]])
77
tensor([[0.0000e+00, 6.3407e-01, 6.0996e-03, 3.4923e-02],
        [4.2730e-04, 6.6447e-03, 7.6656e-01, 2.4569e-02],
        [8.6584e-01, 0.0000e+00, 3.2256e-04, 2.0238e-02]])
78
tensor([[6.9596e-01, 0.0000e+00, 5.5806e-03, 3.3312e-02],
        [7.1121e-03, 4.3834e-04, 7.4708e-01, 2.3971e-02],
        [0.0000e+00, 9.0119e-01, 3.0291e-04, 2.0512e-02]])
79
tensor([[7.9118e-03, 6.3773e-01, 0.0000e+00, 3.2492e-02],
        [7.2693e-01, 6.9246e-03, 4.9875e-04, 2.3404e-02],
        [2.9955e-04, 0.0000e+00, 8.0139e-01, 2.1307e-02]])
80
tensor([[0.0000e+00, 9.3218e-03, 6.2844e-01, 3.1493e-02],
        [5.0037e-04, 7.1034e-01, 8.2270e-03, 2.3198e-02],
        [8.6160e-01, 2.9113e-04, 0.0000e+00, 2.1076e-02]])
81
tensor([[1.2956e-02, 5.8090e-01, 0.0000e+00, 3.0029e-02],
        [6.7141e-01, 9.6742e-03, 4.8440e-04, 2.3630e-02],
        [2.7685e-04, 0.0000e+00, 8.2973e-01, 2.1313e-02]])
82
tensor([[5.1421e-01, 0.0000e+00, 1.3939e-02, 2.9297e-02],
        [1.2016e-02, 5.3020e-04, 6.4101e-01, 2.2910e-02],
        [0.0000e+00, 8.3037e-01, 2.8594e-04, 2.1387e-02]])
83
tensor([[4.8683e-01, 0.0000e+00, 1.6027e-02, 2.8119e-02],
        [1.1672e-02, 5.9374e-04, 5.9144e-01, 2.1820e-02],
        [0.0000e+00, 8.2696e-01, 2.0899e-04, 2.2315e-02]])
84
tensor([[0.0000e+00, 5.4269e-01, 1.4914e-02, 2.7891e-02],
        [4.0318e-04, 1.6051e-02, 5.8579e-01, 2.2255e-02],
        [8.1054e-01, 0.0000e+00, 4.5678e-04, 2.1848e-02]])
85
tensor([[1.5307e-02, 4.2642e-01, 0.0000e+00, 3.0110e-02],
        [5.9604e-01, 1.3045e-02, 4.9491e-04, 2.3338e-02],
        [5.2920e-04, 0.0000e+00, 7.5952e-01, 2.2145e-02]])
86
tensor([[2.1939e-02, 0.0000e+00, 6.8596e-02],
        [7.1473e-01, 9.0731e-04, 3.4537e-02],
        [2.6238e-04, 7.5791e-01, 2.4682e-02]])
87
tensor([[2.1407e-02, 0.0000e+00, 7.7396e-02],
        [7.4876e-01, 7.6354e-04, 3.5680e-02],
        [5.5401e-04, 7.3755e-01, 2.7038e-02]])
88
tensor([[2.5390e-02, 0.0000e+00, 8.2145e-02],
        [7.7249e-01, 1.0680e-03, 3.5118e-02],
        [7.3373e-04, 6.6367e-01, 2.4165e-02]])
finished processing result/test/txt/sequence_03.txt
start processing result/test/txt/sequence_04.txt
loading model from pretrained/sst900_final.pth
0
1
tensor([[0.6452, 0.0640]])
2
tensor([[0.6297, 0.0509]])
3
tensor([[0.7983, 0.0396]])
4
tensor([[0.7176, 0.0569]])
5
tensor([[0.7645, 0.0515]])
6
tensor([[0.7925, 0.0310]])
7
tensor([[0.7498, 0.0333]])
8
tensor([[0.7699, 0.0309]])
9
tensor([[0.8269, 0.0281]])
10
tensor([[0.8206, 0.0000, 0.0278]])
11
tensor([[0.0000, 0.8273, 0.0252],
        [0.4663, 0.0000, 0.0284]])
12
tensor([[0.8001, 0.0000, 0.0253],
        [0.0000, 0.6281, 0.0300]])
13
tensor([[0.7231, 0.0000, 0.0285],
        [0.0000, 0.5268, 0.0346]])
14
tensor([[0.7538, 0.0000, 0.0281],
        [0.0000, 0.6293, 0.0335]])
15
tensor([[0.8285, 0.0000, 0.0248],
        [0.0000, 0.7143, 0.0331]])
16
tensor([[0.8023, 0.0000, 0.0226],
        [0.0000, 0.6880, 0.0385]])
17
tensor([[0.8505, 0.0000, 0.0219],
        [0.0000, 0.7636, 0.0362]])
18
tensor([[8.5288e-01, 5.2886e-04, 2.5749e-02],
        [3.3205e-04, 7.7982e-01, 4.4623e-02]])
19
tensor([[4.2992e-04, 6.8968e-01, 5.2905e-02],
        [8.5225e-01, 1.0760e-03, 3.0858e-02]])
20
tensor([[7.5909e-01, 2.3130e-04, 4.8278e-02],
        [1.1144e-03, 8.4480e-01, 2.7522e-02]])
21
tensor([[1.4974e-04, 7.5504e-01, 4.4391e-02],
        [8.2307e-01, 1.0771e-03, 2.7305e-02]])
22
tensor([[8.1840e-01, 2.7130e-04, 2.9611e-02],
        [9.2984e-04, 8.2946e-01, 2.8594e-02]])
23
tensor([[1.9372e-04, 8.0770e-01, 2.4189e-02],
        [7.7374e-01, 1.2929e-03, 3.6528e-02]])
24
tensor([[1.9020e-04, 8.3003e-01, 2.3535e-02],
        [7.4073e-01, 1.2805e-03, 3.5317e-02]])
25
tensor([[3.4459e-04, 8.3712e-01, 2.3142e-02],
        [7.0928e-01, 1.0496e-03, 3.1992e-02]])
26
tensor([[0.0000, 0.8080, 0.0235],
        [0.5535, 0.0013, 0.0336]])
27
tensor([[0.8481, 0.0000, 0.0232],
        [0.0012, 0.3108, 0.0393]])
28
tensor([[0.8396, 0.0227],
        [0.0025, 0.2324]])
29
tensor([[0.0165, 0.0058, 0.0597, 0.0373],
        [0.0000, 0.0000, 0.0000, 0.1748]])
30
tensor([[0.4979, 0.0461, 0.0016, 0.0319],
        [0.0000, 0.0000, 0.0000, 0.1779],
        [0.0000, 0.0000, 0.4745, 0.0177],
        [0.0199, 0.4420, 0.0000, 0.0224]])
31
tensor([[0.0114, 0.0392, 0.4753, 0.0244],
        [0.0000, 0.0000, 0.0000, 0.1853],
        [0.4263, 0.0000, 0.0040, 0.0174],
        [0.0000, 0.6028, 0.0194, 0.0213]])
32
tensor([[0.4963, 0.0195, 0.0236, 0.0182],
        [0.0123, 0.4368, 0.0000, 0.0171],
        [0.0161, 0.0000, 0.6192, 0.0198]])
33
tensor([[0.0137, 0.4583, 0.0203, 0.0126],
        [0.0000, 0.0233, 0.4202, 0.0162],
        [0.5598, 0.0102, 0.0000, 0.0201]])
34
tensor([[0.0101, 0.4470, 0.0321, 0.0121],
        [0.0000, 0.0236, 0.3856, 0.0154],
        [0.6545, 0.0059, 0.0000, 0.0194]])
35
tensor([[0.0373, 0.4199, 0.0063, 0.0124],
        [0.3857, 0.0355, 0.0000, 0.0150],
        [0.0000, 0.0045, 0.6155, 0.0201]])
36
tensor([[0.4128, 0.0444, 0.0048, 0.0125],
        [0.0325, 0.3135, 0.0000, 0.0156],
        [0.0029, 0.0000, 0.6572, 0.0204]])
37
tensor([[0.0044, 0.0367, 0.4159, 0.0137],
        [0.0000, 0.3878, 0.0208, 0.0165],
        [0.6614, 0.0000, 0.0017, 0.0216]])
38
tensor([[0.0026, 0.0218, 0.4614, 0.0166],
        [0.0000, 0.3169, 0.0169, 0.0194],
        [0.6015, 0.0000, 0.0013, 0.0199]])
39
tensor([[0.0091, 0.0014, 0.5564, 0.0199],
        [0.3086, 0.0000, 0.0160, 0.0219],
        [0.0038, 0.5438, 0.0010, 0.0189]])
40
tensor([[8.3505e-03, 6.1455e-01, 1.0094e-03, 2.2059e-02],
        [3.7865e-01, 6.8578e-03, 0.0000e+00, 2.1487e-02],
        [3.4164e-03, 5.1894e-04, 5.5574e-01, 1.7816e-02]])
41
tensor([[7.9799e-04, 6.1201e-01, 7.5073e-03, 2.3484e-02],
        [0.0000e+00, 3.2845e-03, 4.2794e-01, 1.7968e-02],
        [5.2692e-01, 2.9104e-04, 1.4481e-02, 1.9024e-02]])
42
tensor([[2.1512e-04, 3.6364e-03, 6.6502e-01, 2.5605e-02],
        [4.6139e-03, 5.0239e-01, 2.7076e-03, 1.6533e-02],
        [4.6564e-01, 1.5297e-02, 2.3354e-04, 1.7531e-02]])
43
tensor([[6.5240e-01, 3.2132e-05, 2.0877e-03, 2.6122e-02],
        [2.0906e-03, 0.0000e+00, 4.8434e-01, 1.5700e-02],
        [6.4192e-05, 4.8493e-01, 2.0615e-02, 1.7497e-02]])
44
tensor([[0.6763, 0.0000, 0.0019, 0.0268],
        [0.0012, 0.0054, 0.4412, 0.0162],
        [0.0000, 0.4936, 0.0365, 0.0178]])
45
tensor([[0.0010, 0.0000, 0.7547, 0.0259],
        [0.5198, 0.0241, 0.0009, 0.0163],
        [0.0278, 0.5049, 0.0000, 0.0181]])
46
tensor([[7.0725e-01, 7.4168e-04, 0.0000e+00, 2.7136e-02],
        [6.0281e-04, 4.7683e-01, 1.6528e-02, 1.5956e-02],
        [0.0000e+00, 3.9478e-02, 4.7363e-01, 1.6030e-02]])
47
tensor([[4.2793e-04, 0.0000e+00, 7.3277e-01, 2.6695e-02],
        [4.5476e-01, 1.8576e-02, 4.6578e-04, 1.6390e-02],
        [4.2870e-02, 4.9825e-01, 0.0000e+00, 1.6274e-02]])
48
tensor([[7.5248e-01, 1.7480e-04, 0.0000e+00, 2.6035e-02],
        [3.2662e-04, 4.3768e-01, 2.4802e-02, 1.6433e-02],
        [0.0000e+00, 3.9809e-02, 4.9678e-01, 1.6898e-02]])
49
tensor([[1.2781e-04, 7.7757e-01, 0.0000e+00, 2.5912e-02],
        [5.4216e-01, 1.5253e-04, 2.1745e-02, 1.6582e-02],
        [3.8046e-02, 0.0000e+00, 5.4471e-01, 1.7262e-02]])
50
tensor([[7.5224e-01, 0.0000e+00, 2.5997e-05, 2.7770e-02],
        [1.0534e-04, 1.9908e-02, 4.5408e-01, 1.7677e-02],
        [0.0000e+00, 5.4930e-01, 2.9788e-02, 1.8664e-02]])
51
tensor([[0.0000e+00, 0.0000e+00, 7.6756e-01, 2.8162e-02],
        [1.2351e-02, 3.8813e-01, 1.3110e-05, 1.8712e-02],
        [5.1679e-01, 4.5344e-02, 0.0000e+00, 1.5380e-02]])
52
tensor([[0.0000, 0.0000, 0.7865, 0.0288],
        [0.0216, 0.4325, 0.0000, 0.0173],
        [0.5631, 0.0364, 0.0000, 0.0168]])
53
tensor([[0.0000, 0.8494, 0.0264],
        [0.0450, 0.0000, 0.0582],
        [0.6865, 0.0000, 0.0255]])
54
tensor([[0.8130, 0.0000, 0.0260],
        [0.0000, 0.0452, 0.0595],
        [0.0000, 0.7674, 0.0250]])
55
tensor([[0.8426, 0.0000, 0.0329],
        [0.0000, 0.0334, 0.0645],
        [0.0000, 0.7424, 0.0269]])
56
tensor([[0.8128, 0.0000, 0.0378],
        [0.0000, 0.0284, 0.0739],
        [0.0000, 0.7881, 0.0267]])
57
tensor([[0.0000, 0.7777, 0.0496],
        [0.7930, 0.0000, 0.0270]])
58
tensor([[0.0000, 0.7214, 0.0576],
        [0.7751, 0.0000, 0.0297]])
59
tensor([[0.7974, 0.0000, 0.0481],
        [0.0000, 0.7930, 0.0277]])
60
tensor([[0.8372, 0.0000, 0.0407],
        [0.0000, 0.7738, 0.0269]])
61
tensor([[0.8426, 0.0000, 0.0333],
        [0.0000, 0.7283, 0.0315]])
62
tensor([[0.0000, 0.8142, 0.0307],
        [0.6035, 0.0000, 0.0461]])
63
tensor([[0.8649, 0.0000, 0.0308],
        [0.0000, 0.4859, 0.1214]])
64
tensor([[8.3751e-01, 5.2672e-05, 3.2252e-02],
        [2.4256e-05, 5.4741e-01, 9.8154e-02]])
65
tensor([[7.5504e-01, 1.7457e-04, 3.0270e-02],
        [4.6660e-04, 6.7311e-01, 7.0041e-02]])
66
tensor([[3.9187e-04, 7.5287e-01, 3.2614e-02],
        [7.1650e-01, 3.5778e-04, 4.5336e-02]])
67
tensor([[8.0661e-01, 6.8982e-04, 0.0000e+00, 3.6597e-02],
        [3.6663e-04, 7.0286e-01, 3.2782e-02, 2.3715e-02]])
68
tensor([[8.2230e-01, 4.0002e-04, 0.0000e+00, 3.6262e-02],
        [7.7078e-04, 7.0902e-01, 2.3327e-02, 2.3368e-02],
        [0.0000e+00, 8.8349e-03, 7.0339e-01, 2.8440e-02]])
69
tensor([[7.3369e-04, 8.1649e-01, 0.0000e+00, 3.7739e-02],
        [7.5338e-01, 5.4090e-04, 2.1227e-02, 2.4681e-02],
        [6.3236e-03, 0.0000e+00, 6.5823e-01, 2.8537e-02]])
70
tensor([[8.4752e-01, 0.0000e+00, 4.9100e-04, 3.0534e-02],
        [6.9873e-04, 1.6403e-02, 7.5197e-01, 2.5021e-02],
        [0.0000e+00, 6.8034e-01, 7.7188e-03, 2.9749e-02]])
71
tensor([[7.8382e-04, 0.0000e+00, 8.1439e-01, 2.7326e-02],
        [6.8563e-01, 9.6989e-03, 9.1987e-04, 2.8857e-02],
        [1.0081e-02, 6.3747e-01, 0.0000e+00, 2.8964e-02]])
72
tensor([[0.0016, 0.8371, 0.0000, 0.0303],
        [0.5592, 0.0018, 0.0098, 0.0426],
        [0.0191, 0.0000, 0.6290, 0.0278]])
73
tensor([[0.0031, 0.7999, 0.0000, 0.0337],
        [0.2450, 0.0030, 0.0410, 0.0529],
        [0.0000, 0.0000, 0.4210, 0.0541]])
74
tensor([[0.0000, 0.8142, 0.0039, 0.0352],
        [0.0000, 0.0034, 0.3982, 0.0546],
        [0.4250, 0.0000, 0.0000, 0.0510]])
75
tensor([[0.8509, 0.0000, 0.0028, 0.0309],
        [0.0031, 0.0000, 0.5205, 0.0494],
        [0.0000, 0.3952, 0.0000, 0.0421]])
76
tensor([[0.0000, 0.8425, 0.0024, 0.0268],
        [0.0000, 0.0024, 0.6073, 0.0385],
        [0.5527, 0.0000, 0.0000, 0.0337]])
77
tensor([[0.0019, 0.0000, 0.8750, 0.0261],
        [0.7558, 0.0000, 0.0022, 0.0320],
        [0.0000, 0.3095, 0.0000, 0.0281]])
78
tensor([[0.8693, 0.0000, 0.0019, 0.0260],
        [0.0018, 0.0000, 0.6305, 0.0277],
        [0.0000, 0.4364, 0.0000, 0.0351]])
79
tensor([[0.0020, 0.8423, 0.0000, 0.0285],
        [0.7323, 0.0022, 0.0000, 0.0269],
        [0.0000, 0.0000, 0.6630, 0.0294]])
80
tensor([[0.0022, 0.0000, 0.8606, 0.0268],
        [0.7371, 0.0000, 0.0023, 0.0298],
        [0.0000, 0.5911, 0.0000, 0.0296]])
81
tensor([[0.0020, 0.0000, 0.8528, 0.0261],
        [0.7791, 0.0000, 0.0022, 0.0271],
        [0.0000, 0.5428, 0.0000, 0.0269]])
82
tensor([[0.8582, 0.0019, 0.0000, 0.0266],
        [0.0020, 0.7596, 0.0000, 0.0273],
        [0.0000, 0.0000, 0.5829, 0.0286]])
83
tensor([[0.8468, 0.0000, 0.0018, 0.0255],
        [0.0021, 0.0011, 0.7356, 0.0283],
        [0.0000, 0.5110, 0.0000, 0.0273]])
84
tensor([[0.0020, 0.0000, 0.8222, 0.0275],
        [0.7477, 0.0042, 0.0017, 0.0264],
        [0.0024, 0.6722, 0.0000, 0.0262]])
85
tensor([[0.0000, 0.8646, 0.0018, 0.0258],
        [0.0034, 0.0017, 0.7675, 0.0255],
        [0.7144, 0.0000, 0.0043, 0.0274]])
86
tensor([[0.0000, 0.8454, 0.0019, 0.0272],
        [0.0031, 0.0018, 0.7137, 0.0273],
        [0.7603, 0.0000, 0.0034, 0.0301]])
87
tensor([[0.8572, 0.0000, 0.0019, 0.0266],
        [0.0026, 0.0050, 0.4322, 0.0523],
        [0.0000, 0.6771, 0.0111, 0.0252]])
88
tensor([[0.0000, 0.0017, 0.8460, 0.0260],
        [0.0069, 0.5810, 0.0015, 0.0363],
        [0.7041, 0.0028, 0.0000, 0.0271]])
89
tensor([[0.0018, 0.8219, 0.0000, 0.0278],
        [0.6796, 0.0015, 0.0058, 0.0315],
        [0.0025, 0.0000, 0.6461, 0.0273]])
90
tensor([[0.8419, 0.0000, 0.0016, 0.0275],
        [0.0015, 0.0097, 0.5578, 0.0341],
        [0.0000, 0.6575, 0.0153, 0.0246]])
91
tensor([[0.0000, 0.0018, 0.8558, 0.0268],
        [0.0254, 0.4502, 0.0015, 0.0366],
        [0.5694, 0.0432, 0.0000, 0.0215]])
92
tensor([[0.8376, 0.0000, 0.0017, 0.0258],
        [0.0013, 0.0265, 0.5167, 0.0292],
        [0.0000, 0.5493, 0.0306, 0.0228]])
93
tensor([[0.0015, 0.8603, 0.0000, 0.0259],
        [0.5333, 0.0013, 0.0269, 0.0241],
        [0.0215, 0.0000, 0.5453, 0.0218]])
94
tensor([[0.0000, 0.0016, 0.8136, 0.0277],
        [0.0213, 0.6197, 0.0012, 0.0213],
        [0.5974, 0.0243, 0.0000, 0.0237]])
95
tensor([[0.0000, 0.0015, 0.8453, 0.0267],
        [0.0252, 0.6107, 0.0011, 0.0218],
        [0.5728, 0.0130, 0.0000, 0.0229]])
96
tensor([[0.8493, 0.0021, 0.0000, 0.0266],
        [0.0013, 0.4327, 0.0389, 0.0242],
        [0.0000, 0.0092, 0.5743, 0.0223]])
97
tensor([[0.8531, 0.0026, 0.0000, 0.0260],
        [0.0020, 0.4591, 0.0214, 0.0284],
        [0.0000, 0.0404, 0.6784, 0.0224]])
98
tensor([[0.0000, 0.0033, 0.8560, 0.0256],
        [0.0471, 0.5635, 0.0020, 0.0297],
        [0.6206, 0.0313, 0.0000, 0.0241]])
99
tensor([[0.0000, 0.8459, 0.0033, 0.0260],
        [0.0399, 0.0024, 0.6467, 0.0302],
        [0.6462, 0.0000, 0.0330, 0.0254]])
100
tensor([[0.0023, 0.0000, 0.8390, 0.0267],
        [0.5773, 0.0322, 0.0023, 0.0288],
        [0.0619, 0.6267, 0.0000, 0.0231]])
101
tensor([[0.8388, 0.0000, 0.0030, 0.0254],
        [0.0020, 0.0093, 0.6784, 0.0245],
        [0.0000, 0.1782, 0.0352, 0.0515]])
102
tensor([[0.8339, 0.0000, 0.0024, 0.0260],
        [0.0023, 0.0259, 0.6273, 0.0234],
        [0.0000, 0.2671, 0.0076, 0.0337]])
finished processing result/test/txt/sequence_04.txt
start processing result/test/txt/sequence_05.txt
loading model from pretrained/sst900_final.pth
0
1
tensor([[0.8686, 0.0000, 0.0321],
        [0.0000, 0.7234, 0.0282]])
2
tensor([[0.8719, 0.0000, 0.0320],
        [0.0000, 0.8265, 0.0285]])
3
tensor([[0.8753, 0.0000, 0.0320],
        [0.0000, 0.7930, 0.0288]])
4
tensor([[0.0000, 0.8679, 0.0322],
        [0.7728, 0.0000, 0.0308]])
5
tensor([[0.0000, 0.8656, 0.0319],
        [0.7345, 0.0000, 0.0353]])
6
tensor([[0.8416, 0.0000, 0.0331],
        [0.0000, 0.7445, 0.0334]])
7
tensor([[0.8481, 0.0000, 0.0322],
        [0.0000, 0.7793, 0.0338]])
8
tensor([[0.8692, 0.0000, 0.0324],
        [0.0000, 0.8227, 0.0305]])
9
tensor([[0.0000, 0.8376, 0.0352],
        [0.8168, 0.0000, 0.0334]])
10
tensor([[0.8429, 0.0000, 0.0384],
        [0.0000, 0.8409, 0.0291]])
11
tensor([[0.0000, 0.8028, 0.0432],
        [0.8221, 0.0000, 0.0315]])
12
tensor([[0.7641, 0.0000, 0.0518],
        [0.0000, 0.7592, 0.0334]])
13
tensor([[0.0000, 0.7783, 0.0544],
        [0.7969, 0.0000, 0.0357]])
14
tensor([[0.7343, 0.0000, 0.0511],
        [0.0000, 0.8088, 0.0329]])
15
tensor([[0.0000, 0.7148, 0.0440],
        [0.7580, 0.0000, 0.0360]])
16
tensor([[0.7027, 0.0000, 0.0494],
        [0.0000, 0.6211, 0.0366]])
17
tensor([[0.0000, 0.5634, 0.0788],
        [0.7974, 0.0000, 0.0328]])
18
tensor([[0.0000, 0.4014, 0.0996],
        [0.2895, 0.0000, 0.1067]])
19
tensor([[0.0000, 0.4325, 0.0933],
        [0.3468, 0.0000, 0.1517]])
20
tensor([[0.0000, 0.1924, 0.0928],
        [0.3268, 0.0000, 0.1382]])
21
22
23
tensor([[0.0000, 0.2500],
        [0.0000, 0.2248]])
24
tensor([[0.0000, 0.2505],
        [0.0105, 0.2174],
        [0.2437, 0.0377]])
25
tensor([[0.3903, 0.1257]])
26
tensor([[0.2856, 0.1784]])
27
tensor([[0.3493, 0.1417]])
28
tensor([[0.4881, 0.1296]])
29
tensor([[0.4986, 0.1172]])
30
tensor([[0.1942, 0.1834]])
31
tensor([[0.3734, 0.1214]])
32
tensor([[0.5621, 0.1012]])
33
tensor([[0.6640, 0.0699]])
34
tensor([[0.7848, 0.0415]])
35
tensor([[0.8619, 0.0362]])
36
tensor([[0.8192, 0.0441]])
37
tensor([[0.7924, 0.0513]])
38
tensor([[0.7110, 0.0661]])
39
tensor([[0.6398, 0.0885]])
40
tensor([[0.6634, 0.0869]])
41
tensor([[0.7610, 0.0642]])
42
tensor([[0.7981, 0.0476]])
43
tensor([[0.6937, 0.0599]])
44
tensor([[0.7595, 0.0381]])
45
46
47
48
49
50
51
52
53
54
55
tensor([[0.3358, 0.1050]])
56
tensor([[0.3992, 0.1138]])
57
tensor([[0.4653, 0.1122]])
58
tensor([[0.4889, 0.1325]])
59
tensor([[0.5342, 0.0938]])
60
tensor([[0.7134, 0.0708]])
61
tensor([[0.7868, 0.0491]])
62
tensor([[0.7563, 0.0358]])
63
tensor([[0.8187, 0.0279]])
64
tensor([[0.8974, 0.0235]])
65
tensor([[0.0989, 0.2007]])
66
tensor([[0.0911, 0.2050],
        [0.8726, 0.0305]])
67
tensor([[0.0828, 0.2113],
        [0.8836, 0.0304]])
68
tensor([[0.0734, 0.2182],
        [0.8758, 0.0306]])
69
tensor([[0.8839, 0.0310]])
70
tensor([[0.8797, 0.0330]])
71
tensor([[0.8774, 0.0336]])
72
tensor([[0.8816, 0.0322]])
73
tensor([[0.8816, 0.0321]])
74
tensor([[0.8780, 0.0324]])
75
tensor([[0.8815, 0.0322]])
76
tensor([[0.8805, 0.0321]])
77
tensor([[0.8745, 0.0317]])
78
tensor([[0.8702, 0.0317]])
79
tensor([[0.8764, 0.0320]])
80
tensor([[0.8721, 0.0324]])
81
tensor([[0.8786, 0.0322]])
82
tensor([[0.8784, 0.0321]])
83
tensor([[0.8787, 0.0321]])
finished processing result/test/txt/sequence_05.txt
start processing result/test/txt/sequence_06.txt
loading model from pretrained/sst900_final.pth
0
1
tensor([[0.0000, 0.0000, 0.7203, 0.0000, 0.0349],
        [0.5493, 0.0000, 0.0000, 0.0047, 0.0182],
        [0.0014, 0.4985, 0.0000, 0.0000, 0.0198],
        [0.0047, 0.0000, 0.0000, 0.7121, 0.0233]])
2
tensor([[0.6551, 0.0000, 0.0000, 0.0000, 0.0359],
        [0.0000, 0.0059, 0.0000, 0.5035, 0.0187],
        [0.0000, 0.0000, 0.5323, 0.0000, 0.0196],
        [0.0000, 0.7131, 0.0000, 0.0030, 0.0238]])
3
tensor([[0.0000, 0.0000, 0.0000, 0.6976, 0.0361],
        [0.0000, 0.0043, 0.5257, 0.0000, 0.0185],
        [0.5003, 0.0000, 0.0000, 0.0000, 0.0200],
        [0.0000, 0.7231, 0.0041, 0.0000, 0.0235]])
4
tensor([[0.0000, 0.0000, 0.6751, 0.0000, 0.0372],
        [0.0000, 0.0058, 0.0000, 0.5098, 0.0191],
        [0.5094, 0.0000, 0.0000, 0.0000, 0.0195],
        [0.0000, 0.7205, 0.0000, 0.0022, 0.0239]])
5
tensor([[0.7346, 0.0000, 0.0000, 0.0000, 0.0361],
        [0.0000, 0.0000, 0.0025, 0.5114, 0.0197],
        [0.0000, 0.4844, 0.0000, 0.0092, 0.0198],
        [0.0000, 0.0000, 0.6947, 0.0044, 0.0237]])
6
tensor([[0.0000, 0.0000, 0.0000, 0.6313, 0.0365],
        [0.0034, 0.5131, 0.0000, 0.0000, 0.0195],
        [0.0000, 0.0000, 0.5075, 0.0000, 0.0202],
        [0.7278, 0.0037, 0.0000, 0.0000, 0.0240]])
7
tensor([[0.0000, 0.0000, 0.0000, 0.7067, 0.0360],
        [0.0046, 0.0000, 0.5012, 0.0000, 0.0198],
        [0.0000, 0.4433, 0.0017, 0.0000, 0.0200],
        [0.7039, 0.0000, 0.0021, 0.0000, 0.0242]])
8
tensor([[0.0000, 0.0000, 0.0000, 0.7005, 0.0363],
        [0.0028, 0.5194, 0.0000, 0.0000, 0.0201],
        [0.0000, 0.0047, 0.4623, 0.0000, 0.0203],
        [0.7597, 0.0029, 0.0000, 0.0000, 0.0247]])
9
tensor([[0.0000, 0.0000, 0.6955, 0.0000, 0.0367],
        [0.0035, 0.0000, 0.0000, 0.4869, 0.0206],
        [0.0000, 0.5206, 0.0000, 0.0000, 0.0211],
        [0.7707, 0.0000, 0.0000, 0.0017, 0.0249]])
10
tensor([[0.0000, 0.6814, 0.0000, 0.0000, 0.0364],
        [0.5569, 0.0000, 0.0018, 0.0000, 0.0197],
        [0.0014, 0.0000, 0.0000, 0.4627, 0.0220],
        [0.0023, 0.0000, 0.7533, 0.0000, 0.0248]])
11
tensor([[0.0000, 0.6461, 0.0000, 0.0000, 0.0358],
        [0.0000, 0.0000, 0.5334, 0.0027, 0.0198],
        [0.5141, 0.0000, 0.0000, 0.0000, 0.0218],
        [0.0000, 0.0000, 0.0014, 0.7083, 0.0259]])
12
tensor([[0.0000, 0.6731, 0.0000, 0.0000, 0.0355],
        [0.5381, 0.0000, 0.0000, 0.0017, 0.0219],
        [0.0000, 0.0000, 0.5054, 0.0000, 0.0225],
        [0.0026, 0.0000, 0.0000, 0.7617, 0.0251]])
13
tensor([[0.0000e+00, 0.0000e+00, 0.0000e+00, 6.7944e-01, 3.4541e-02],
        [2.3944e-03, 4.2065e-01, 0.0000e+00, 0.0000e+00, 2.1749e-02],
        [0.0000e+00, 7.4970e-03, 5.1517e-01, 0.0000e+00, 2.1528e-02],
        [7.8253e-01, 3.0997e-04, 0.0000e+00, 0.0000e+00, 2.5394e-02]])
14
tensor([[0.0000e+00, 6.0445e-01, 0.0000e+00, 0.0000e+00, 3.5894e-02],
        [5.4170e-01, 0.0000e+00, 0.0000e+00, 1.5379e-03, 2.1379e-02],
        [5.8749e-03, 0.0000e+00, 4.6142e-01, 0.0000e+00, 2.1775e-02],
        [5.5864e-04, 0.0000e+00, 0.0000e+00, 7.1626e-01, 2.5730e-02]])
15
tensor([[0.0000, 0.0000, 0.7247, 0.0000, 0.0352],
        [0.0000, 0.5601, 0.0000, 0.0011, 0.0218],
        [0.4149, 0.0068, 0.0000, 0.0000, 0.0227],
        [0.0000, 0.0013, 0.0000, 0.7799, 0.0252]])
16
tensor([[0.0000, 0.0000, 0.6480, 0.0000, 0.0354],
        [0.5080, 0.0000, 0.0000, 0.0017, 0.0217],
        [0.0000, 0.5100, 0.0000, 0.0000, 0.0221],
        [0.0000, 0.0000, 0.0000, 0.7843, 0.0251]])
17
tensor([[6.9564e-01, 0.0000e+00, 0.0000e+00, 0.0000e+00, 3.5410e-02],
        [0.0000e+00, 6.9763e-04, 4.9473e-01, 0.0000e+00, 2.1966e-02],
        [0.0000e+00, 0.0000e+00, 7.2494e-03, 4.9188e-01, 2.2328e-02],
        [0.0000e+00, 7.6662e-01, 1.6557e-04, 0.0000e+00, 2.5743e-02]])
18
tensor([[0.0000e+00, 0.0000e+00, 6.8601e-01, 0.0000e+00, 3.5599e-02],
        [4.3958e-04, 5.3441e-01, 0.0000e+00, 0.0000e+00, 2.2257e-02],
        [0.0000e+00, 7.3025e-03, 0.0000e+00, 4.4490e-01, 2.2200e-02],
        [7.9170e-01, 0.0000e+00, 0.0000e+00, 0.0000e+00, 2.5319e-02]])
19
tensor([[0.0000e+00, 0.0000e+00, 6.4419e-01, 0.0000e+00, 3.6121e-02],
        [4.9992e-01, 1.2551e-04, 0.0000e+00, 0.0000e+00, 2.2473e-02],
        [0.0000e+00, 0.0000e+00, 0.0000e+00, 4.5371e-01, 2.2696e-02],
        [0.0000e+00, 7.9912e-01, 0.0000e+00, 0.0000e+00, 2.5548e-02]])
20
tensor([[0.0000, 0.0000, 0.0000, 0.6544, 0.0360],
        [0.5393, 0.0000, 0.0000, 0.0000, 0.0236],
        [0.0000, 0.4227, 0.0000, 0.0000, 0.0242],
        [0.0000, 0.0000, 0.7679, 0.0000, 0.0264]])
21
tensor([[0.0000, 0.5837, 0.0000, 0.0000, 0.0372],
        [0.4262, 0.0000, 0.0000, 0.0000, 0.0246],
        [0.0132, 0.0000, 0.0000, 0.3562, 0.0228],
        [0.0000, 0.0000, 0.8131, 0.0000, 0.0263]])
22
tensor([[0.0000, 0.0000, 0.0000, 0.5529, 0.0499],
        [0.0000, 0.0000, 0.5211, 0.0000, 0.0254],
        [0.4206, 0.0000, 0.0000, 0.0000, 0.0238],
        [0.0000, 0.7799, 0.0000, 0.0000, 0.0260]])
23
tensor([[0.0000, 0.5494, 0.0000, 0.0000, 0.0513],
        [0.0000, 0.0000, 0.0000, 0.4695, 0.0274],
        [0.3854, 0.0000, 0.0000, 0.0132, 0.0248],
        [0.0000, 0.0000, 0.8302, 0.0000, 0.0258]])
24
tensor([[0.3301, 0.0000, 0.0000, 0.0000, 0.0735],
        [0.0000, 0.4859, 0.0000, 0.0000, 0.0283],
        [0.0000, 0.0108, 0.0000, 0.3654, 0.0266],
        [0.0000, 0.0000, 0.7891, 0.0000, 0.0255]])
25
tensor([[0.0000, 0.3966, 0.0000, 0.0000, 0.0727],
        [0.0000, 0.0000, 0.5251, 0.0000, 0.0280],
        [0.0000, 0.0000, 0.0075, 0.4017, 0.0281],
        [0.8383, 0.0000, 0.0000, 0.0000, 0.0255]])
26
tensor([[0.0000, 0.0000, 0.0000, 0.1354],
        [0.5254, 0.0000, 0.0000, 0.0283],
        [0.0123, 0.4311, 0.0000, 0.0314],
        [0.0000, 0.0000, 0.7883, 0.0257]])
27
tensor([[0.0000, 0.0000, 0.0047, 0.1379],
        [0.5042, 0.0000, 0.0000, 0.0281],
        [0.0145, 0.0000, 0.3896, 0.0344],
        [0.0000, 0.8192, 0.0000, 0.0262]])
28
tensor([[0.0000, 0.0000, 0.0199, 0.1508],
        [0.0000, 0.5237, 0.0000, 0.0287],
        [0.0000, 0.0117, 0.4207, 0.0353],
        [0.8037, 0.0000, 0.0000, 0.0262]])
29
tensor([[0.0434, 0.0000, 0.0000, 0.1509],
        [0.0000, 0.4431, 0.0000, 0.0300],
        [0.4283, 0.0105, 0.0000, 0.0377],
        [0.0000, 0.0000, 0.8297, 0.0261]])
30
tensor([[0.0000, 0.0000, 0.5355, 0.0316],
        [0.0000, 0.4475, 0.0111, 0.0413],
        [0.7935, 0.0000, 0.0000, 0.0268]])
31
tensor([[0.0000, 0.4698, 0.0000, 0.0384],
        [0.4502, 0.0219, 0.0000, 0.0440],
        [0.0000, 0.0000, 0.7935, 0.0278]])
32
tensor([[0.0000e+00, 6.2239e-04, 4.2729e-01, 4.5273e-02],
        [0.0000e+00, 5.0129e-01, 3.4840e-02, 4.1337e-02],
        [8.4180e-01, 0.0000e+00, 0.0000e+00, 2.7654e-02]])
33
tensor([[0.0000, 0.4333, 0.0588],
        [0.0000, 0.0971, 0.0838],
        [0.8087, 0.0000, 0.0275]])
34
tensor([[0.0000, 0.4101, 0.0605],
        [0.0000, 0.2028, 0.0788],
        [0.8057, 0.0000, 0.0273]])
35
tensor([[0.0000, 0.4426, 0.0634],
        [0.0000, 0.2660, 0.0878],
        [0.7829, 0.0000, 0.0280]])
36
tensor([[0.0000, 0.4563, 0.0634],
        [0.0000, 0.4760, 0.0650],
        [0.8136, 0.0000, 0.0316]])
37
tensor([[0.0000, 0.2495, 0.0924],
        [0.0000, 0.4543, 0.0608],
        [0.7885, 0.0000, 0.0283]])
38
tensor([[0.0000, 0.2125],
        [0.0000, 0.2310],
        [0.8388, 0.0268]])
39
tensor([[0.0000, 0.2127],
        [0.0000, 0.2310],
        [0.8090, 0.0254]])
40
tensor([[0.0000, 0.2327],
        [0.8498, 0.0246]])
41
tensor([[0.0000, 0.2397],
        [0.8597, 0.0241]])
42
tensor([[0.8312, 0.0272]])
43
tensor([[0.0000, 0.8181, 0.0331]])
44
tensor([[0.8270, 0.0000, 0.0317],
        [0.0000, 0.6600, 0.0333]])
45
tensor([[0.0000e+00, 7.9895e-01, 3.2839e-02],
        [6.8775e-01, 6.1482e-04, 2.9510e-02]])
46
tensor([[0.8019, 0.0310],
        [0.0061, 0.2422]])
47
tensor([[0.8763, 0.0289],
        [0.0057, 0.2440]])
48
tensor([[0.8604, 0.0354],
        [0.0056, 0.2458]])
49
tensor([[0.8089, 0.0414],
        [0.0055, 0.2478]])
50
tensor([[0.7396, 0.0677]])
51
tensor([[0.8210, 0.0397]])
52
tensor([[0.0012, 0.7411, 0.0566]])
53
tensor([[0.4909, 0.0009, 0.1213],
        [0.0000, 0.6761, 0.0331]])
54
tensor([[0.5198, 0.0000, 0.1127],
        [0.0000, 0.7101, 0.0338]])
55
tensor([[0.0000, 0.6237, 0.0860],
        [0.7835, 0.0000, 0.0366]])
56
tensor([[0.0000, 0.7103, 0.0577],
        [0.7104, 0.0000, 0.0376]])
57
tensor([[0.7195, 0.0000, 0.0509],
        [0.0000, 0.7790, 0.0320]])
58
tensor([[0.7367, 0.0000, 0.0438],
        [0.0000, 0.7568, 0.0285]])
59
tensor([[0.0000, 0.7111, 0.0480],
        [0.6934, 0.0000, 0.0312]])
60
tensor([[0.0000, 0.6656, 0.0555],
        [0.7928, 0.0000, 0.0260]])
61
tensor([[0.0304, 0.0000, 0.4978, 0.0441],
        [0.0000, 0.7698, 0.0000, 0.0248]])
62
tensor([[0.2598, 0.0000, 0.2525, 0.0399],
        [0.0000, 0.8048, 0.0000, 0.0250],
        [0.0000, 0.0000, 0.1246, 0.0623]])
63
tensor([[0.3063, 0.0000, 0.0553],
        [0.0000, 0.7858, 0.0268],
        [0.3617, 0.0000, 0.0954]])
64
tensor([[0.0000, 0.3100, 0.0554],
        [0.7796, 0.0000, 0.0256],
        [0.0000, 0.6028, 0.0634]])
65
tensor([[0.2734, 0.0000, 0.0632],
        [0.0000, 0.7711, 0.0246],
        [0.7057, 0.0000, 0.0551]])
66
tensor([[0.2070, 0.0000, 0.0843],
        [0.0000, 0.7257, 0.0265],
        [0.8402, 0.0000, 0.0333]])
67
tensor([[0.0000, 0.7543, 0.0278],
        [0.8762, 0.0000, 0.0299]])
finished processing result/test/txt/sequence_06.txt
start processing result/test/txt/sequence_07.txt
loading model from pretrained/sst900_final.pth
0
1
tensor([[0.0000, 0.0000, 0.3622, 0.0178],
        [0.0972, 0.0000, 0.0000, 0.0238],
        [0.0000, 0.2974, 0.0000, 0.0174]])
2
tensor([[0.0000, 0.3225, 0.0000, 0.0181],
        [0.0000, 0.0000, 0.1824, 0.0256],
        [0.3272, 0.0000, 0.0000, 0.0182]])
3
tensor([[0.0000, 0.2986, 0.0000, 0.0000, 0.0153],
        [0.1274, 0.0000, 0.0000, 0.0483, 0.0185],
        [0.0000, 0.0000, 0.2818, 0.0000, 0.0141]])
4
tensor([[0.3210, 0.0000, 0.0000, 0.0000, 0.0156],
        [0.0000, 0.2119, 0.0000, 0.0211, 0.0189],
        [0.0000, 0.0000, 0.2726, 0.0000, 0.0146],
        [0.0000, 0.0061, 0.0000, 0.1470, 0.0157]])
5
tensor([[0.2778, 0.0000, 0.0000, 0.0000, 0.0154],
        [0.0000, 0.0909, 0.0332, 0.0000, 0.0198],
        [0.0000, 0.0000, 0.0000, 0.2817, 0.0143],
        [0.0000, 0.0000, 0.1447, 0.0000, 0.0149]])
6
tensor([[0.0000, 0.2563, 0.0000, 0.0174],
        [0.0000, 0.0000, 0.0460, 0.0291],
        [0.2637, 0.0000, 0.0000, 0.0172],
        [0.0000, 0.0000, 0.1626, 0.0210]])
7
tensor([[0.3183, 0.0000, 0.0000, 0.0168],
        [0.0000, 0.0000, 0.0256, 0.0278],
        [0.0000, 0.2095, 0.0000, 0.0175],
        [0.0000, 0.0000, 0.1617, 0.0227]])
8
tensor([[0.0000, 0.2784, 0.0000, 0.0171],
        [0.0000, 0.0000, 0.0131, 0.0296],
        [0.3432, 0.0000, 0.0000, 0.0181],
        [0.0000, 0.0000, 0.3071, 0.0242]])
9
tensor([[0.0000, 0.2714, 0.0192],
        [0.0000, 0.0000, 0.0458],
        [0.3917, 0.0000, 0.0235],
        [0.0000, 0.0000, 0.0544]])
10
tensor([[0.0000, 0.3522, 0.0190],
        [0.3680, 0.0000, 0.0236],
        [0.0000, 0.0000, 0.0586]])
11
tensor([[0.3272, 0.0000, 0.0198],
        [0.0000, 0.4826, 0.0239],
        [0.0000, 0.0000, 0.0601]])
12
tensor([[0.0000, 0.4031, 0.0200],
        [0.4854, 0.0000, 0.0236],
        [0.0000, 0.0000, 0.0647]])
13
tensor([[0.4102, 0.0000, 0.0205],
        [0.0000, 0.5807, 0.0247]])
14
tensor([[0.3602, 0.0000, 0.0216],
        [0.0000, 0.5917, 0.0260]])
15
tensor([[0.3683, 0.0000, 0.0236],
        [0.0000, 0.5884, 0.0273]])
16
tensor([[0.0000, 0.3630, 0.0248],
        [0.6355, 0.0000, 0.0278]])
17
tensor([[0.0000, 0.3576, 0.0265],
        [0.5941, 0.0000, 0.0284]])
18
tensor([[0.4462, 0.0000, 0.0277],
        [0.0000, 0.6352, 0.0287]])
19
tensor([[0.4102, 0.0000, 0.0335],
        [0.0000, 0.5953, 0.0300]])
20
tensor([[0.0000, 0.3817, 0.0375],
        [0.7529, 0.0000, 0.0296]])
21
tensor([[0.0000, 0.3653, 0.0370],
        [0.7000, 0.0000, 0.0323]])
22
tensor([[0.0000, 0.1558],
        [0.5680, 0.0340]])
23
tensor([[0.0000, 0.1615],
        [0.6031, 0.0337]])
24
tensor([[0.0000, 0.1694],
        [0.6498, 0.0328]])
25
tensor([[0.0000, 0.1648],
        [0.5907, 0.0341]])
26
tensor([[0.6499, 0.0345]])
27
tensor([[0.6109, 0.0352]])
28
tensor([[0.7386, 0.0353]])
29
tensor([[0.7654, 0.0303]])
30
tensor([[0.7814, 0.0297]])
31
tensor([[0.7837, 0.0285]])
32
tensor([[0.7534, 0.0288]])
33
tensor([[0.6595, 0.0283]])
34
tensor([[0.7188, 0.0278]])
35
tensor([[0.7116, 0.0277]])
36
tensor([[0.7015, 0.0275]])
37
tensor([[0.6786, 0.0276]])
38
tensor([[0.5972, 0.0000, 0.0281]])
39
tensor([[0.6020, 0.0000, 0.0293],
        [0.0000, 0.4006, 0.0288]])
40
tensor([[0.7087, 0.0000, 0.0281],
        [0.0000, 0.3003, 0.0318]])
41
tensor([[0.6491, 0.0000, 0.0288],
        [0.0000, 0.3084, 0.0380]])
42
tensor([[0.6119, 0.0000, 0.0282],
        [0.0000, 0.3466, 0.0417]])
43
tensor([[0.6707, 0.0000, 0.0273],
        [0.0000, 0.4058, 0.0397]])
44
tensor([[0.0000, 0.6372, 0.0253],
        [0.5466, 0.0000, 0.0322]])
45
tensor([[0.5798, 0.0000, 0.0258],
        [0.0000, 0.5478, 0.0271]])
46
tensor([[0.4962, 0.0000, 0.0263],
        [0.0000, 0.6116, 0.0242]])
47
tensor([[0.0000, 0.3974, 0.0268],
        [0.5781, 0.0000, 0.0211]])
48
tensor([[0.3112, 0.0000, 0.0282],
        [0.0000, 0.3988, 0.0191]])
49
tensor([[0.2334, 0.0000, 0.0281],
        [0.0141, 0.4095, 0.0179]])
finished processing result/test/txt/sequence_07.txt
start processing result/test/txt/sequence_08.txt
loading model from pretrained/sst900_final.pth
0
1
tensor([[0.0000, 0.4736, 0.0779],
        [0.7384, 0.0000, 0.0469]])
2
tensor([[0.4901, 0.0000, 0.0854],
        [0.0000, 0.7413, 0.0460]])
3
tensor([[0.0000, 0.4772, 0.0839],
        [0.8273, 0.0000, 0.0455]])
4
tensor([[0.3971, 0.0000, 0.0950],
        [0.0000, 0.7729, 0.0457]])
5
tensor([[0.4134, 0.0000, 0.0937],
        [0.0000, 0.7732, 0.0465]])
6
tensor([[0.0000, 0.4109, 0.0968],
        [0.7518, 0.0000, 0.0457]])
7
tensor([[0.0000, 0.3979, 0.1012],
        [0.7624, 0.0000, 0.0461]])
8
tensor([[0.0000, 0.4163, 0.0984],
        [0.8180, 0.0000, 0.0463]])
9
tensor([[0.4324, 0.0000, 0.0932],
        [0.0000, 0.8087, 0.0456]])
10
tensor([[0.4376, 0.0000, 0.0923],
        [0.0000, 0.7212, 0.0471]])
11
tensor([[0.0000, 0.4599, 0.0872],
        [0.7546, 0.0000, 0.0463]])
12
tensor([[0.0000, 0.4698, 0.0859],
        [0.8057, 0.0000, 0.0442]])
13
tensor([[0.0000, 0.4437, 0.0927],
        [0.7666, 0.0000, 0.0429]])
14
tensor([[0.0000, 0.4504, 0.0924],
        [0.7482, 0.0016, 0.0433]])
15
tensor([[1.3040e-04, 4.8604e-01, 8.7154e-02],
        [6.3959e-01, 1.0739e-02, 5.1347e-02]])
16
tensor([[0.0023, 0.5142, 0.0770],
        [0.4639, 0.0186, 0.0528]])
17
tensor([[0.6192, 0.0035, 0.0627],
        [0.0144, 0.5055, 0.0561]])
18
tensor([[0.6656, 0.0533],
        [0.0206, 0.1448]])
19
tensor([[0.7218, 0.0454],
        [0.0200, 0.1457]])
20
tensor([[0.7922, 0.0421],
        [0.0197, 0.1502]])
21
tensor([[0.8162, 0.0404],
        [0.0187, 0.1559]])
22
tensor([[0.8506, 0.0390]])
23
tensor([[0.8391, 0.0387]])
24
tensor([[0.8328, 0.0384]])
25
tensor([[0.8373, 0.0387]])
26
tensor([[0.8548, 0.0386]])
27
tensor([[0.8400, 0.0384]])
28
tensor([[0.8440, 0.0385]])
29
tensor([[0.8474, 0.0383]])
30
tensor([[0.8261, 0.0388]])
31
tensor([[0.8144, 0.0386]])
32
tensor([[0.8358, 0.0384]])
33
tensor([[0.8476, 0.0383]])
34
tensor([[0.8161, 0.0387]])
35
tensor([[0.8105, 0.0383]])
36
tensor([[0.8525, 0.0384]])
37
tensor([[0.8451, 0.0385]])
38
tensor([[0.8306, 0.0383]])
39
tensor([[0.8383, 0.0382]])
40
tensor([[0.8631, 0.0383]])
41
tensor([[0.8374, 0.0380]])
42
tensor([[0.8372, 0.0377]])
43
tensor([[0.8152, 0.0375]])
44
tensor([[0.8350, 0.0374]])
45
tensor([[0.8292, 0.0372]])
46
tensor([[0.0154, 0.7944, 0.0345]])
47
tensor([[0.0114, 0.7860, 0.0350],
        [0.6252, 0.0061, 0.0479]])
48
tensor([[0.0140, 0.7546, 0.0354],
        [0.4909, 0.0056, 0.0495]])
49
tensor([[0.0130, 0.7237, 0.0363],
        [0.6022, 0.0060, 0.0489]])
50
tensor([[0.7237, 0.0093, 0.0364],
        [0.0053, 0.6302, 0.0517]])
51
tensor([[0.7245, 0.0082, 0.0367],
        [0.0038, 0.6702, 0.0545]])
52
tensor([[0.0050, 0.6975, 0.0385],
        [0.6746, 0.0021, 0.0504]])
53
tensor([[7.0937e-01, 2.7948e-03, 3.8610e-02],
        [4.0006e-04, 6.7160e-01, 4.7617e-02]])
54
tensor([[6.3890e-04, 7.2223e-01, 3.7504e-02],
        [6.9694e-01, 0.0000e+00, 4.3433e-02]])
55
tensor([[0.0000, 0.7157, 0.0365],
        [0.7181, 0.0000, 0.0419]])
56
tensor([[0.0000, 0.7352, 0.0331],
        [0.7570, 0.0000, 0.0412]])
57
tensor([[0.0000, 0.7280, 0.0321],
        [0.7416, 0.0000, 0.0416]])
58
tensor([[0.0000, 0.7468, 0.0306],
        [0.7515, 0.0000, 0.0423]])
59
tensor([[0.7793, 0.0000, 0.0291],
        [0.0000, 0.7965, 0.0419]])
60
tensor([[0.7852, 0.0000, 0.0280],
        [0.0000, 0.7853, 0.0425]])
61
tensor([[0.0000, 0.7830, 0.0269],
        [0.7894, 0.0000, 0.0417]])
62
tensor([[0.7716, 0.0000, 0.0269],
        [0.0000, 0.8009, 0.0419]])
63
tensor([[0.7786, 0.0000, 0.0270],
        [0.0000, 0.7700, 0.0413]])
64
tensor([[0.0000, 0.7755, 0.0271],
        [0.7520, 0.0000, 0.0441]])
65
tensor([[0.7979, 0.0000, 0.0269],
        [0.0000, 0.7595, 0.0442]])
66
tensor([[0.7841, 0.0000, 0.0279],
        [0.0000, 0.7765, 0.0461]])
67
tensor([[0.7929, 0.0000, 0.0279],
        [0.0000, 0.7746, 0.0434]])
68
tensor([[0.0000, 0.7656, 0.0281],
        [0.7893, 0.0000, 0.0430]])
69
tensor([[0.0000, 0.7837, 0.0276],
        [0.7754, 0.0000, 0.0446]])
70
tensor([[0.7766, 0.0000, 0.0272],
        [0.0000, 0.7724, 0.0429]])
71
tensor([[0.0000, 0.7891, 0.0266],
        [0.7907, 0.0000, 0.0428]])
72
tensor([[0.7838, 0.0000, 0.0261],
        [0.0000, 0.6975, 0.0509]])
73
tensor([[0.0000, 0.7579, 0.0290],
        [0.7448, 0.0000, 0.0460]])
74
tensor([[0.0000, 0.7589, 0.0296],
        [0.7820, 0.0000, 0.0449]])
75
tensor([[0.0000, 0.7745, 0.0303],
        [0.7865, 0.0000, 0.0450]])
76
tensor([[0.0000, 0.7786, 0.0306],
        [0.7655, 0.0000, 0.0449]])
77
tensor([[0.0000, 0.7794, 0.0291],
        [0.7186, 0.0000, 0.0435]])
78
tensor([[0.7822, 0.0000, 0.0288],
        [0.0000, 0.7836, 0.0424]])
79
tensor([[0.7529, 0.0000, 0.0286],
        [0.0000, 0.7718, 0.0459]])
80
tensor([[0.7677, 0.0000, 0.0286],
        [0.0000, 0.8227, 0.0454]])
81
tensor([[0.0000, 0.7620, 0.0300],
        [0.7963, 0.0000, 0.0438]])
82
tensor([[0.0000, 0.7611, 0.0304],
        [0.7820, 0.0000, 0.0454]])
83
tensor([[0.0000, 0.7773, 0.0315],
        [0.7825, 0.0000, 0.0437]])
84
tensor([[0.7541, 0.0000, 0.0333],
        [0.0000, 0.7463, 0.0433]])
85
tensor([[0.7817, 0.0000, 0.0342],
        [0.0000, 0.7695, 0.0432]])
86
tensor([[0.7627, 0.0000, 0.0343],
        [0.0000, 0.7955, 0.0434]])
87
tensor([[0.0000, 0.7664, 0.0338],
        [0.8179, 0.0000, 0.0432]])
88
tensor([[0.7907, 0.0000, 0.0336],
        [0.0000, 0.7710, 0.0428]])
89
tensor([[0.0000, 0.7920, 0.0324],
        [0.7132, 0.0000, 0.0459]])
90
tensor([[0.8537, 0.0000, 0.0314],
        [0.0000, 0.7363, 0.0441]])
91
tensor([[0.0000, 0.8683, 0.0308],
        [0.7640, 0.0000, 0.0447]])
92
tensor([[0.0000, 0.8663, 0.0308],
        [0.7595, 0.0000, 0.0456]])
93
tensor([[0.0000, 0.8477, 0.0305],
        [0.7159, 0.0000, 0.0438]])
94
tensor([[0.8694, 0.0000, 0.0305],
        [0.0000, 0.7956, 0.0434]])
95
tensor([[0.0000, 0.8733, 0.0307],
        [0.8045, 0.0000, 0.0432]])
96
tensor([[0.0000, 0.8676, 0.0304],
        [0.8085, 0.0000, 0.0444]])
97
tensor([[0.8575, 0.0000, 0.0303],
        [0.0000, 0.8076, 0.0435]])
finished processing result/test/txt/sequence_08.txt
start processing result/test/txt/sequence_09.txt
loading model from pretrained/sst900_final.pth
0
1
tensor([[0.2830, 0.0089, 0.0128, 0.0000, 0.0113],
        [0.0169, 0.2908, 0.0000, 0.0000, 0.0110],
        [0.0000, 0.0000, 0.0000, 0.4658, 0.0141],
        [0.0118, 0.0000, 0.3398, 0.0000, 0.0153]])
2
tensor([[0.0028, 0.2542, 0.0096, 0.0000, 0.0112],
        [0.3819, 0.0143, 0.0000, 0.0000, 0.0119],
        [0.0000, 0.0000, 0.0000, 0.3992, 0.0131],
        [0.0000, 0.0170, 0.3272, 0.0000, 0.0164]])
3
tensor([[2.3595e-01, 3.8119e-04, 2.0322e-02, 0.0000e+00, 1.0806e-02],
        [1.7698e-02, 3.8463e-01, 0.0000e+00, 0.0000e+00, 1.2645e-02],
        [0.0000e+00, 0.0000e+00, 0.0000e+00, 4.5001e-01, 1.3436e-02],
        [4.6098e-03, 0.0000e+00, 2.8867e-01, 0.0000e+00, 1.6137e-02]])
4
tensor([[0.2897, 0.0000, 0.0000, 0.0000, 0.0107],
        [0.0139, 0.3841, 0.0000, 0.0000, 0.0140],
        [0.0000, 0.0000, 0.4313, 0.0000, 0.0141],
        [0.0041, 0.0000, 0.0000, 0.2574, 0.0155]])
5
tensor([[0.0000, 0.3028, 0.0034, 0.0034, 0.0116],
        [0.0000, 0.0082, 0.4154, 0.0000, 0.0167],
        [0.4516, 0.0000, 0.0000, 0.0000, 0.0151],
        [0.0000, 0.0000, 0.0000, 0.2834, 0.0143]])
6
tensor([[6.4644e-05, 7.0164e-04, 3.0019e-01, 1.4175e-03, 1.1469e-02],
        [0.0000e+00, 4.4444e-01, 8.7967e-03, 0.0000e+00, 1.7870e-02],
        [5.1822e-01, 0.0000e+00, 0.0000e+00, 0.0000e+00, 1.6095e-02],
        [0.0000e+00, 0.0000e+00, 0.0000e+00, 3.6992e-01, 1.3065e-02]])
7
tensor([[0.0000e+00, 4.5119e-04, 3.6883e-01, 0.0000e+00, 1.1644e-02],
        [0.0000e+00, 4.2232e-01, 5.1127e-03, 0.0000e+00, 1.9898e-02],
        [0.0000e+00, 0.0000e+00, 0.0000e+00, 4.6874e-01, 1.5234e-02],
        [3.9689e-01, 0.0000e+00, 0.0000e+00, 0.0000e+00, 1.3445e-02]])
8
tensor([[0.0000, 0.0000, 0.2989, 0.0000, 0.0118],
        [0.0000, 0.0000, 0.0082, 0.4658, 0.0200],
        [0.0000, 0.5141, 0.0000, 0.0000, 0.0160],
        [0.3679, 0.0000, 0.0000, 0.0000, 0.0136]])
9
tensor([[0.0000, 0.0000, 0.3552, 0.0010, 0.0121],
        [0.0000, 0.0000, 0.0024, 0.4943, 0.0204],
        [0.0000, 0.4766, 0.0000, 0.0000, 0.0181],
        [0.3512, 0.0000, 0.0000, 0.0000, 0.0133]])
10
tensor([[0.0000, 0.0000, 0.3590, 0.0000, 0.0122],
        [0.5450, 0.0000, 0.0037, 0.0000, 0.0209],
        [0.0000, 0.5027, 0.0000, 0.0000, 0.0165],
        [0.0000, 0.0000, 0.0000, 0.3634, 0.0139]])
11
tensor([[0.0000, 0.3755, 0.0000, 0.0000, 0.0000, 0.0123],
        [0.4367, 0.0029, 0.0000, 0.0000, 0.0000, 0.0178],
        [0.0000, 0.0000, 0.4488, 0.0000, 0.0000, 0.0159],
        [0.0000, 0.0000, 0.0000, 0.3591, 0.0000, 0.0139]])
12
tensor([[0.0000e+00, 3.7745e-01, 0.0000e+00, 0.0000e+00, 0.0000e+00, 1.2587e-02],
        [4.0671e-01, 5.0192e-04, 0.0000e+00, 0.0000e+00, 0.0000e+00, 1.8344e-02],
        [0.0000e+00, 0.0000e+00, 0.0000e+00, 5.6564e-01, 0.0000e+00, 1.6679e-02],
        [0.0000e+00, 0.0000e+00, 0.0000e+00, 0.0000e+00, 2.9990e-01, 1.4385e-02],
        [0.0000e+00, 0.0000e+00, 2.9121e-01, 0.0000e+00, 0.0000e+00, 2.0180e-02]])
13
tensor([[0.0000, 0.4084, 0.0000, 0.0000, 0.0000, 0.0124],
        [0.3963, 0.0007, 0.0000, 0.0000, 0.0008, 0.0189],
        [0.0000, 0.0000, 0.0000, 0.5258, 0.0000, 0.0169],
        [0.0000, 0.0000, 0.4123, 0.0000, 0.0000, 0.0143],
        [0.0000, 0.0000, 0.0000, 0.0000, 0.3477, 0.0189]])
14
tensor([[0.0000, 0.3830, 0.0000, 0.0000, 0.0000, 0.0124],
        [0.0000, 0.0000, 0.0061, 0.0000, 0.3191, 0.0207],
        [0.0000, 0.0000, 0.0000, 0.5228, 0.0000, 0.0189],
        [0.4226, 0.0000, 0.0000, 0.0000, 0.0000, 0.0140],
        [0.0000, 0.0000, 0.3274, 0.0000, 0.0105, 0.0199]])
15
tensor([[0.0000e+00, 0.0000e+00, 0.0000e+00, 3.2784e-01, 0.0000e+00, 1.2142e-02],
        [3.6405e-01, 0.0000e+00, 6.3263e-03, 1.7528e-04, 0.0000e+00, 2.3789e-02],
        [0.0000e+00, 0.0000e+00, 0.0000e+00, 0.0000e+00, 4.0086e-01, 1.9646e-02],
        [0.0000e+00, 3.6945e-01, 0.0000e+00, 0.0000e+00, 0.0000e+00, 1.3670e-02],
        [1.5309e-02, 0.0000e+00, 2.1812e-01, 0.0000e+00, 0.0000e+00, 2.0955e-02]])
16
tensor([[0.0000, 0.2799, 0.0000, 0.0000, 0.0000, 0.0141],
        [0.3708, 0.0000, 0.0000, 0.0000, 0.0000, 0.0252],
        [0.0000, 0.0000, 0.5273, 0.0000, 0.0000, 0.0212],
        [0.0000, 0.0000, 0.0000, 0.0000, 0.2817, 0.0153],
        [0.0042, 0.0000, 0.0000, 0.2873, 0.0000, 0.0173]])
17
tensor([[0.0000, 0.0000, 0.0000, 0.3149, 0.0000, 0.0139],
        [0.0000, 0.4508, 0.0000, 0.0000, 0.0000, 0.0270],
        [0.0000, 0.0000, 0.4606, 0.0000, 0.0000, 0.0196],
        [0.0000, 0.0000, 0.0000, 0.0000, 0.3955, 0.0145],
        [0.3497, 0.0000, 0.0000, 0.0000, 0.0000, 0.0152]])
18
tensor([[3.1565e-01, 0.0000e+00, 0.0000e+00, 1.3034e-03, 0.0000e+00, 1.4251e-02],
        [3.0655e-04, 0.0000e+00, 4.3455e-01, 0.0000e+00, 0.0000e+00, 2.9648e-02],
        [0.0000e+00, 4.4794e-01, 0.0000e+00, 4.0543e-04, 0.0000e+00, 1.7139e-02],
        [0.0000e+00, 0.0000e+00, 0.0000e+00, 0.0000e+00, 3.5480e-01, 1.4424e-02],
        [0.0000e+00, 0.0000e+00, 0.0000e+00, 3.5767e-01, 0.0000e+00, 1.3694e-02]])
19
tensor([[3.7377e-01, 0.0000e+00, 0.0000e+00, 0.0000e+00, 2.0101e-03, 1.5336e-02],
        [0.0000e+00, 0.0000e+00, 4.5947e-01, 0.0000e+00, 0.0000e+00, 3.2074e-02],
        [0.0000e+00, 0.0000e+00, 0.0000e+00, 4.9369e-01, 6.6091e-04, 1.7133e-02],
        [0.0000e+00, 4.1842e-01, 0.0000e+00, 0.0000e+00, 0.0000e+00, 1.3541e-02],
        [3.0203e-03, 0.0000e+00, 0.0000e+00, 4.8957e-05, 3.8647e-01, 1.3965e-02]])
20
tensor([[0.0000e+00, 4.2046e-01, 0.0000e+00, 0.0000e+00, 0.0000e+00, 1.5906e-02],
        [0.0000e+00, 0.0000e+00, 0.0000e+00, 0.0000e+00, 4.9520e-01, 3.2901e-02],
        [0.0000e+00, 0.0000e+00, 5.0936e-01, 1.6097e-03, 0.0000e+00, 1.6356e-02],
        [3.8795e-01, 0.0000e+00, 0.0000e+00, 0.0000e+00, 0.0000e+00, 1.3379e-02],
        [0.0000e+00, 1.7278e-03, 2.1721e-04, 4.0295e-01, 0.0000e+00, 1.3454e-02]])
21
tensor([[0.0095, 0.0000, 0.1208],
        [0.0962, 0.0000, 0.0416],
        [0.0000, 0.0141, 0.1576],
        [0.0000, 0.0036, 0.1688],
        [0.0000, 0.0148, 0.1710]])
22
tensor([[0.0000, 0.0147, 0.1136],
        [0.0000, 0.6120, 0.0373],
        [0.0185, 0.0000, 0.1362],
        [0.0032, 0.0000, 0.1626],
        [0.0124, 0.0012, 0.1652],
        [0.7968, 0.0000, 0.0291]])
23
tensor([[0.0000e+00, 2.6058e-02, 3.5782e-02],
        [0.0000e+00, 3.7548e-01, 1.1166e-01],
        [2.3789e-02, 0.0000e+00, 1.0936e-01],
        [1.1743e-03, 4.8500e-04, 1.0915e-01],
        [6.4383e-03, 1.2719e-02, 7.9734e-02],
        [6.8490e-01, 0.0000e+00, 5.0375e-02]])
24
tensor([[0.0000e+00, 1.7565e-02, 7.6072e-02],
        [0.0000e+00, 3.5284e-01, 1.3417e-01],
        [2.0113e-02, 0.0000e+00, 1.1589e-01],
        [2.5473e-04, 3.0901e-03, 1.0332e-01],
        [5.9873e-03, 1.8186e-02, 1.0655e-01],
        [6.8327e-01, 1.3291e-03, 6.4499e-02]])
25
tensor([[0.0000, 0.5266, 0.1049],
        [0.6403, 0.0036, 0.0676]])
26
tensor([[6.6170e-05, 4.8222e-01, 1.1333e-01],
        [6.5105e-01, 7.1085e-03, 5.8915e-02]])
27
tensor([[0.0013, 0.6767, 0.0670],
        [0.5307, 0.0040, 0.1030]])
28
tensor([[0.0011, 0.7600, 0.0482],
        [0.4044, 0.0049, 0.1202]])
29
tensor([[8.1152e-01, 7.4812e-04, 4.0144e-02],
        [2.6176e-03, 5.9157e-01, 7.4263e-02]])
30
tensor([[7.8083e-01, 4.2685e-04, 3.3996e-02],
        [1.9839e-03, 6.6621e-01, 5.2155e-02]])
31
tensor([[4.3608e-04, 7.5889e-01, 2.7441e-02],
        [7.1563e-01, 1.7416e-03, 4.7394e-02]])
32
tensor([[5.9618e-01, 7.7041e-04, 5.3725e-02],
        [2.6233e-03, 7.8922e-01, 3.3022e-02]])
33
tensor([[0.6190, 0.0009, 0.0643],
        [0.0042, 0.7135, 0.0306]])
34
tensor([[0.0014, 0.6091, 0.0594],
        [0.8014, 0.0048, 0.0290]])
35
tensor([[0.5374, 0.0263, 0.0017, 0.0546],
        [0.0071, 0.0000, 0.7711, 0.0284]])
36
tensor([[0.0173, 0.0017, 0.6162, 0.0434],
        [0.0000, 0.6811, 0.0080, 0.0316],
        [0.6244, 0.0000, 0.0015, 0.0355]])
37
tensor([[0.0055, 0.0071, 0.0091, 0.1153],
        [0.0000, 0.0000, 0.0000, 0.1754],
        [0.0689, 0.0000, 0.0000, 0.0712]])
38
tensor([[0.0047, 0.0074, 0.0086, 0.1211],
        [0.0000, 0.0000, 0.0000, 0.1761],
        [0.0948, 0.0000, 0.0000, 0.0705],
        [0.5708, 0.0000, 0.0000, 0.0344],
        [0.0000, 0.4825, 0.0611, 0.0167],
        [0.0000, 0.0781, 0.5349, 0.0149]])
39
tensor([[0.0028, 0.0098, 0.0065, 0.1190],
        [0.0000, 0.0000, 0.0000, 0.1821],
        [0.1272, 0.0000, 0.0000, 0.0674],
        [0.5830, 0.0000, 0.0000, 0.0351],
        [0.0000, 0.0808, 0.5059, 0.0167],
        [0.0000, 0.4808, 0.0675, 0.0170]])
40
tensor([[0.0061, 0.0024, 0.0085, 0.1275],
        [0.0000, 0.0000, 0.0000, 0.1850],
        [0.0000, 0.1088, 0.0000, 0.0671],
        [0.0000, 0.6469, 0.0000, 0.0347],
        [0.5575, 0.0000, 0.0704, 0.0154],
        [0.0856, 0.0000, 0.4856, 0.0160]])
41
tensor([[0.0000, 0.4953, 0.0000, 0.0343],
        [0.1166, 0.0000, 0.4377, 0.0180],
        [0.4203, 0.0000, 0.0722, 0.0173]])
42
tensor([[0.0000, 0.6073, 0.0000, 0.0368],
        [0.1132, 0.0000, 0.4892, 0.0146],
        [0.4766, 0.0000, 0.1160, 0.0155]])
43
tensor([[0.0000, 0.0000, 0.0000, 0.5553, 0.0273],
        [0.4118, 0.0000, 0.1402, 0.0000, 0.0144],
        [0.0653, 0.0000, 0.3731, 0.0000, 0.0178]])
44
tensor([[0.5699, 0.0000, 0.0000, 0.0000, 0.0305],
        [0.0000, 0.3646, 0.0000, 0.0853, 0.0137],
        [0.0000, 0.1126, 0.0000, 0.5017, 0.0148],
        [0.0000, 0.0000, 0.3840, 0.0000, 0.0203]])
45
tensor([[0.0000, 0.0000, 0.5570, 0.0000, 0.0315],
        [0.0000, 0.1042, 0.0000, 0.4933, 0.0139],
        [0.0000, 0.4296, 0.0000, 0.1140, 0.0139],
        [0.4484, 0.0000, 0.0000, 0.0000, 0.0218]])
46
tensor([[0.0000, 0.0000, 0.0000, 0.5905, 0.0335],
        [0.3807, 0.1342, 0.0000, 0.0000, 0.0128],
        [0.0608, 0.4001, 0.0000, 0.0000, 0.0160],
        [0.0000, 0.0000, 0.4179, 0.0000, 0.0238]])
47
tensor([[0.0000, 0.0000, 0.6047, 0.0000, 0.0000, 0.0337],
        [0.0000, 0.0000, 0.0000, 0.4969, 0.0709, 0.0142],
        [0.0000, 0.0000, 0.0000, 0.0516, 0.4437, 0.0155],
        [0.0000, 0.3993, 0.0000, 0.0000, 0.0000, 0.0290]])
48
tensor([[0.0000, 0.0000, 0.0000, 0.5246, 0.0000, 0.0325],
        [0.0640, 0.4528, 0.0000, 0.0000, 0.0000, 0.0137],
        [0.5234, 0.0648, 0.0000, 0.0000, 0.0000, 0.0143],
        [0.0000, 0.0000, 0.0000, 0.0000, 0.4824, 0.0240],
        [0.0000, 0.0000, 0.4925, 0.0000, 0.0000, 0.0251]])
49
tensor([[0.0000, 0.0000, 0.5932, 0.0000, 0.0000, 0.0325],
        [0.0000, 0.0000, 0.0000, 0.4467, 0.0711, 0.0162],
        [0.0000, 0.0000, 0.0000, 0.0330, 0.4911, 0.0161],
        [0.0000, 0.4958, 0.0000, 0.0000, 0.0000, 0.0220],
        [0.6031, 0.0000, 0.0000, 0.0000, 0.0000, 0.0248]])
50
tensor([[0.0000, 0.5871, 0.0000, 0.0000, 0.0000, 0.0319],
        [0.0424, 0.0000, 0.0000, 0.0000, 0.5732, 0.0148],
        [0.5078, 0.0000, 0.0000, 0.0000, 0.0335, 0.0170],
        [0.0000, 0.0000, 0.0000, 0.5581, 0.0000, 0.0257],
        [0.0000, 0.0000, 0.5794, 0.0000, 0.0000, 0.0250]])
51
tensor([[0.0000, 0.0000, 0.0000, 0.0000, 0.6075, 0.0322],
        [0.0000, 0.4997, 0.0000, 0.0265, 0.0000, 0.0186],
        [0.0000, 0.0180, 0.0000, 0.4819, 0.0000, 0.0186],
        [0.5066, 0.0000, 0.0000, 0.0000, 0.0000, 0.0278],
        [0.0000, 0.0000, 0.5110, 0.0000, 0.0000, 0.0261]])
52
tensor([[0.0000, 0.6010, 0.0000, 0.0000, 0.0000, 0.0326],
        [0.0000, 0.0000, 0.5591, 0.0072, 0.0000, 0.0198],
        [0.0000, 0.0000, 0.0157, 0.5039, 0.0000, 0.0192],
        [0.0000, 0.0000, 0.0000, 0.0000, 0.5274, 0.0296],
        [0.6830, 0.0000, 0.0000, 0.0000, 0.0000, 0.0259]])
finished processing result/test/txt/sequence_09.txt
start processing result/test/txt/sequence_10.txt
loading model from pretrained/sst900_final.pth
0
1
tensor([[0.6089, 0.0440]])
2
tensor([[0.6778, 0.0372]])
3
tensor([[0.7195, 0.0376]])
4
tensor([[0.8098, 0.0380]])
5
tensor([[0.6659, 0.0433]])
6
tensor([[0.5814, 0.0540]])
7
tensor([[0.6783, 0.0417]])
8
tensor([[0.7171, 0.0374]])
9
tensor([[0.7757, 0.0337]])
10
tensor([[0.7365, 0.0328]])
11
tensor([[0.6522, 0.0354]])
12
tensor([[0.6782, 0.0378]])
13
tensor([[0.7709, 0.0357]])
14
tensor([[0.7262, 0.0316]])
15
tensor([[0.8239, 0.0358]])
16
tensor([[0.7107, 0.0474]])
17
tensor([[0.6707, 0.0459]])
18
tensor([[0.7702, 0.0424]])
19
tensor([[0.6045, 0.0367]])
20
tensor([[0.6499, 0.0518]])
21
tensor([[0.7431, 0.0425]])
22
tensor([[0.7345, 0.0523]])
23
tensor([[0.7299, 0.0430]])
24
tensor([[0.7023, 0.0447]])
25
tensor([[0.7895, 0.0409]])
26
tensor([[0.8134, 0.0302]])
27
tensor([[0.8095, 0.0295]])
28
tensor([[0.8345, 0.0277]])
29
tensor([[0.8398, 0.0277]])
30
tensor([[0.8511, 0.0273]])
31
tensor([[0.8660, 0.0268]])
32
tensor([[0.8638, 0.0266]])
33
tensor([[0.8227, 0.0266]])
34
tensor([[0.7705, 0.0270]])
35
tensor([[0.8298, 0.0266]])
36
tensor([[0.8607, 0.0266]])
37
tensor([[0.8516, 0.0273]])
38
tensor([[0.8609, 0.0267]])
39
tensor([[0.8497, 0.0269]])
40
tensor([[0.8566, 0.0269]])
41
tensor([[0.8761, 0.0269]])
42
tensor([[0.0696, 0.1346]])
43
tensor([[0.0690, 0.1359],
        [0.9063, 0.0251]])
44
tensor([[0.0697, 0.1327],
        [0.8936, 0.0254]])
45
tensor([[0.0692, 0.1328],
        [0.9029, 0.0254]])
46
tensor([[0.8577, 0.0265]])
47
tensor([[0.8722, 0.0259]])
48
tensor([[0.8819, 0.0260]])
49
tensor([[0.8706, 0.0267]])
50
tensor([[0.8817, 0.0279]])
51
tensor([[0.8632, 0.0257]])
52
tensor([[0.8835, 0.0260]])
53
tensor([[0.8967, 0.0253]])
54
tensor([[0.9085, 0.0251]])
55
tensor([[0.8827, 0.0254]])
56
tensor([[0.8989, 0.0253]])
57
tensor([[0.9027, 0.0253]])
58
tensor([[0.8842, 0.0251]])
59
tensor([[0.8726, 0.0250]])
60
tensor([[0.8945, 0.0253]])
61
tensor([[0.9013, 0.0250]])
62
tensor([[0.9010, 0.0251]])
63
tensor([[0.9070, 0.0251]])
64
tensor([[0.9035, 0.0251]])
finished processing result/test/txt/sequence_10.txt
start processing result/test/txt/sequence_11.txt
loading model from pretrained/sst900_final.pth
0
1
tensor([[0.8386, 0.0308]])
2
tensor([[0.8521, 0.0307]])
3
tensor([[0.8464, 0.0318]])
4
tensor([[0.8629, 0.0344]])
5
tensor([[0.8279, 0.0362]])
6
tensor([[0.8225, 0.0388]])
7
tensor([[0.8076, 0.0440]])
8
tensor([[0.8097, 0.0406]])
9
tensor([[0.7885, 0.0364]])
10
tensor([[0.8359, 0.0330]])
11
tensor([[0.7971, 0.0352]])
12
tensor([[0.7805, 0.0398]])
13
tensor([[0.8069, 0.0384]])
14
tensor([[0.8368, 0.0379]])
15
tensor([[0.8315, 0.0323]])
16
tensor([[0.8231, 0.0332]])
17
tensor([[0.8356, 0.0309]])
18
tensor([[0.8489, 0.0312]])
19
tensor([[0.7888, 0.0320]])
20
tensor([[0.8218, 0.0328]])
21
tensor([[0.7875, 0.0307]])
22
tensor([[0.7382, 0.0311]])
23
tensor([[0.7625, 0.0306]])
24
tensor([[0.8108, 0.0298]])
25
tensor([[0.8275, 0.0302]])
26
tensor([[0.7751, 0.0331]])
27
tensor([[0.7543, 0.0425]])
28
tensor([[0.7778, 0.0460]])
29
tensor([[0.6666, 0.0606]])
30
tensor([[0.7128, 0.0585]])
31
tensor([[0.7436, 0.0461]])
32
tensor([[0.7224, 0.0376]])
33
tensor([[0.8317, 0.0375]])
34
tensor([[0.7621, 0.0348]])
35
tensor([[0.7305, 0.0363]])
36
tensor([[0.7005, 0.0363]])
37
tensor([[0.7326, 0.0476]])
38
tensor([[0.7561, 0.0351]])
39
tensor([[0.7180, 0.0363]])
40
tensor([[0.7026, 0.0492]])
41
tensor([[0.7317, 0.0343]])
42
tensor([[0.7702, 0.0421]])
43
tensor([[0.8123, 0.0311]])
44
tensor([[0.7494, 0.0353]])
45
tensor([[0.7640, 0.0337]])
46
tensor([[0.7362, 0.0307]])
47
tensor([[0.7500, 0.0328]])
48
tensor([[0.7059, 0.0325]])
49
tensor([[0.7108, 0.0329]])
50
tensor([[0.7254, 0.0364]])
51
tensor([[0.7809, 0.0364]])
52
tensor([[0.7441, 0.0361]])
finished processing result/test/txt/sequence_11.txt
